0.501786 0.75
0.5 0.747222
0.496429 0.747222
0.494643 0.744444
0.491071 0.744444
0.489286 0.741667
0.4875 0.741667
0.480357 0.730556
0.478571 0.730556
0.476786 0.727778
0.476786 0.725
0.471429 0.716667
0.471429 0.713889
0.467857 0.708333
0.467857 0.705556
0.466071 0.702778
0.466071 0.7
0.464286 0.697222
0.464286 0.691667
0.4625 0.688889
0.4625 0.686111
0.460714 0.683333
0.460714 0.677778
0.458929 0.675
0.458929 0.666667
0.457143 0.663889
0.457143 0.658333
0.455357 0.655556
0.455357 0.638889
0.453571 0.636111
0.453571 0.619444
0.455357 0.616667
0.455357 0.605556
0.457143 0.602778
0.457143 0.597222
0.458929 0.594444
0.458929 0.588889
0.460714 0.586111
0.460714 0.583333
0.4625 0.580556
0.4625 0.577778
0.478571 0.552778
0.480357 0.552778
0.482143 0.55
0.483929 0.55
0.485714 0.547222
0.4875 0.547222
0.489286 0.544444
0.491071 0.544444
0.492857 0.541667
0.496429 0.541667
0.498214 0.538889
0.498214 0.536111
0.496429 0.533333
0.492857 0.533333
0.491071 0.530556
0.483929 0.530556
0.482143 0.527778
0.478571 0.527778
0.476786 0.525
0.475 0.525
0.473214 0.522222
0.471429 0.522222
0.469643 0.519444
0.467857 0.519444
0.4625 0.511111
0.460714 0.511111
0.458929 0.508333
0.458929 0.505556
0.453571 0.497222
0.453571 0.494444
0.45 0.488889
0.45 0.486111
0.448214 0.483333
0.448214 0.477778
0.446429 0.475
0.446429 0.472222
0.444643 0.469444
0.444643 0.463889
0.442857 0.461111
0.442857 0.452778
0.441071 0.45
0.441071 0.436111
0.439286 0.433333
0.439286 0.391667
0.441071 0.388889
0.441071 0.375
0.442857 0.372222
0.442857 0.361111
0.444643 0.358333
0.444643 0.35
0.446429 0.347222
0.446429 0.338889
0.448214 0.336111
0.448214 0.330556
0.45 0.327778
0.45 0.322222
0.451786 0.319444
0.451786 0.313889
0.453571 0.311111
0.453571 0.308333
0.455357 0.305556
0.455357 0.3
0.457143 0.297222
0.457143 0.294444
0.458929 0.291667
0.458929 0.286111
0.460714 0.283333
0.460714 0.280556
0.4625 0.277778
0.4625 0.275
0.464286 0.272222
0.464286 0.266667
0.466071 0.263889
0.466071 0.261111
0.467857 0.258333
0.467857 0.255556
0.469643 0.255556
0.471429 0.252778
0.473214 0.252778
0.475 0.255556
0.478571 0.255556
0.478571 0.266667
0.476786 0.269444
0.476786 0.405556
0.478571 0.408333
0.478571 0.433333
0.480357 0.436111
0.480357 0.444444
0.482143 0.447222
0.482143 0.45
0.483929 0.452778
0.483929 0.455556
0.491071 0.466667
0.494643 0.466667
0.496429 0.463889
0.496429 0.458333
0.498214 0.455556
0.498214 0.452778
0.501786 0.447222
0.501786 0.444444
0.508929 0.433333
0.510714 0.433333
0.516071 0.425
0.514286 0.422222
0.5125 0.422222
0.510714 0.419444
0.508929 0.419444
0.5 0.405556
0.5 0.402778
0.496429 0.397222
0.496429 0.394444
0.494643 0.391667
0.494643 0.386111
0.492857 0.383333
0.492857 0.377778
0.491071 0.375
0.491071 0.366667
0.489286 0.363889
0.489286 0.344444
0.491071 0.341667
0.491071 0.333333
0.492857 0.330556
0.492857 0.327778
0.494643 0.325
0.494643 0.319444
0.5 0.311111
0.5 0.308333
0.505357 0.3
0.507143 0.3
0.5125 0.291667
0.514286 0.291667
0.516071 0.288889
0.517857 0.288889
0.519643 0.286111
0.521429 0.286111
0.523214 0.283333
0.526786 0.283333
0.528571 0.280556
0.532143 0.280556
0.533929 0.277778
0.539286 0.277778
0.541071 0.275
0.5625 0.275
0.564286 0.277778
0.569643 0.277778
0.571429 0.280556
0.575 0.280556
0.576786 0.283333
0.580357 0.283333
0.582143 0.286111
0.583929 0.286111
0.5875 0.291667
0.589286 0.291667
0.592857 0.297222
0.594643 0.297222
0.616071 0.330556
0.616071 0.333333
0.619643 0.338889
0.619643 0.341667
0.623214 0.347222
0.623214 0.35
0.626786 0.355556
0.626786 0.358333
0.628571 0.361111
0.628571 0.363889
0.630357 0.366667
0.630357 0.369444
0.633929 0.375
0.633929 0.380556
0.635714 0.383333
0.635714 0.386111
0.6375 0.388889
0.6375 0.394444
0.639286 0.397222
0.639286 0.4
0.641071 0.402778
0.641071 0.408333
0.642857 0.411111
0.642857 0.416667
0.644643 0.419444
0.644643 0.425
0.646429 0.427778
0.646429 0.438889
0.648214 0.441667
0.648214 0.463889
0.648214 0.441667
0.646429 0.438889
0.646429 0.427778
0.644643 0.425
0.644643 0.419444
0.642857 0.416667
0.642857 0.411111
0.641071 0.408333
0.641071 0.402778
0.639286 0.4
0.639286 0.397222
0.6375 0.394444
0.6375 0.388889
0.635714 0.386111
0.635714 0.383333
0.633929 0.380556
0.633929 0.377778
0.630357 0.372222
0.630357 0.369444
0.628571 0.366667
0.628571 0.363889
0.626786 0.361111
0.626786 0.358333
0.623214 0.352778
0.623214 0.35
0.619643 0.344444
0.619643 0.341667
0.616071 0.336111
0.616071 0.333333
0.592857 0.297222
0.591071 0.297222
0.5875 0.291667
0.585714 0.291667
0.582143 0.286111
0.580357 0.286111
0.578571 0.283333
0.576786 0.283333
0.575 0.280556
0.571429 0.280556
0.569643 0.277778
0.564286 0.277778
0.5625 0.275
0.541071 0.275
0.539286 0.277778
0.533929 0.277778
0.532143 0.280556
0.528571 0.280556
0.526786 0.283333
0.523214 0.283333
0.519643 0.288889
0.517857 0.288889
0.516071 0.291667
0.514286 0.291667
0.508929 0.3
0.507143 0.3
0.5 0.311111
0.5 0.313889
0.494643 0.322222
0.494643 0.325
0.492857 0.327778
0.492857 0.330556
0.491071 0.333333
0.491071 0.341667
0.489286 0.344444
0.489286 0.363889
0.491071 0.366667
0.491071 0.375
0.492857 0.377778
0.492857 0.383333
0.494643 0.386111
0.494643 0.388889
0.496429 0.391667
0.496429 0.394444
0.5 0.4
0.5 0.402778
0.510714 0.419444
0.5125 0.419444
0.514286 0.422222
0.516071 0.422222
0.516071 0.427778
0.5125 0.433333
0.510714 0.433333
0.501786 0.447222
0.501786 0.45
0.498214 0.455556
0.498214 0.458333
0.496429 0.461111
0.496429 0.463889
0.494643 0.466667
0.489286 0.466667
0.483929 0.458333
0.483929 0.455556
0.482143 0.452778
0.482143 0.447222
0.480357 0.444444
0.480357 0.436111
0.478571 0.433333
0.478571 0.408333
0.476786 0.405556
0.476786 0.269444
0.478571 0.266667
0.478571 0.258333
0.476786 0.255556
0.475 0.255556
0.473214 0.252778
0.471429 0.252778
0.467857 0.258333
0.467857 0.261111
0.466071 0.263889
0.466071 0.266667
0.464286 0.269444
0.464286 0.272222
0.4625 0.275
0.4625 0.277778
0.460714 0.280556
0.460714 0.283333
0.458929 0.286111
0.458929 0.291667
0.457143 0.294444
0.457143 0.297222
0.455357 0.3
0.455357 0.305556
0.453571 0.308333
0.453571 0.311111
0.451786 0.313889
0.451786 0.319444
0.45 0.322222
0.45 0.327778
0.448214 0.330556
0.448214 0.336111
0.446429 0.338889
0.446429 0.347222
0.444643 0.35
0.444643 0.358333
0.442857 0.361111
0.442857 0.372222
0.441071 0.375
0.441071 0.388889
0.439286 0.391667
0.439286 0.433333
0.441071 0.436111
0.441071 0.45
0.442857 0.452778
0.442857 0.461111
0.444643 0.463889
0.444643 0.469444
0.446429 0.472222
0.446429 0.475
0.448214 0.477778
0.448214 0.480556
0.45 0.483333
0.45 0.486111
0.453571 0.491667
0.453571 0.494444
0.458929 0.502778
0.458929 0.505556
0.4625 0.511111
0.464286 0.511111
0.469643 0.519444
0.471429 0.519444
0.473214 0.522222
0.475 0.522222
0.478571 0.527778
0.482143 0.527778
0.483929 0.530556
0.491071 0.530556
0.492857 0.533333
0.498214 0.533333
0.498214 0.541667
0.492857 0.541667
0.491071 0.544444
0.489286 0.544444
0.485714 0.55
0.483929 0.55
0.482143 0.552778
0.480357 0.552778
0.4625 0.580556
0.4625 0.583333
0.460714 0.586111
0.460714 0.588889
0.458929 0.591667
0.458929 0.594444
0.457143 0.597222
0.457143 0.602778
0.455357 0.605556
0.455357 0.616667
0.453571 0.619444
0.453571 0.636111
0.455357 0.638889
0.455357 0.655556
0.457143 0.658333
0.457143 0.663889
0.458929 0.666667
0.458929 0.675
0.460714 0.677778
0.460714 0.683333
0.4625 0.686111
0.4625 0.688889
0.464286 0.691667
0.464286 0.694444
0.466071 0.697222
0.466071 0.7
0.467857 0.702778
0.467857 0.705556
0.471429 0.711111
0.471429 0.713889
0.476786 0.722222
0.476786 0.725
0.480357 0.730556
0.482143 0.730556
0.489286 0.741667
0.491071 0.741667
0.492857 0.744444
0.494643 0.744444
0.496429 0.747222
0.5 0.747222
0.501786 0.75
0.525 0.75
0.526786 0.747222
0.532143 0.747222
0.533929 0.744444
0.535714 0.744444
0.5375 0.741667
0.541071 0.741667
0.542857 0.738889
0.544643 0.738889
0.546429 0.736111
0.548214 0.736111
0.551786 0.730556
0.553571 0.730556
0.555357 0.727778
0.557143 0.727778
0.560714 0.722222
0.5625 0.722222
0.566071 0.716667
0.567857 0.716667
0.573214 0.708333
0.575 0.708333
0.601786 0.666667
0.601786 0.663889
0.607143 0.655556
0.607143 0.652778
0.610714 0.647222
0.610714 0.644444
0.614286 0.638889
0.614286 0.636111
0.617857 0.630556
0.617857 0.627778
0.619643 0.625
0.619643 0.622222
0.621429 0.619444
0.621429 0.616667
0.623214 0.613889
0.623214 0.611111
0.625 0.608333
0.625 0.605556
0.626786 0.602778
0.626786 0.6
0.628571 0.597222
0.628571 0.594444
0.630357 0.591667
0.630357 0.588889
0.632143 0.586111
0.632143 0.583333
0.633929 0.580556
0.633929 0.575
0.635714 0.572222
0.635714 0.569444
0.6375 0.566667
0.6375 0.561111
0.639286 0.558333
0.639286 0.55
0.641071 0.547222
0.641071 0.541667
0.642857 0.538889
0.642857 0.530556
0.644643 0.527778
0.644643 0.519444
0.646429 0.516667
0.646429 0.502778
0.648214 0.5
0.648214 0.472222
0.648214 0.5
0.646429 0.502778
0.646429 0.516667
0.644643 0.519444
0.644643 0.527778
0.642857 0.530556
0.642857 0.538889
0.641071 0.541667
0.641071 0.547222
0.639286 0.55
0.639286 0.558333
0.6375 0.561111
0.6375 0.566667
0.635714 0.569444
0.635714 0.572222
0.633929 0.575
0.633929 0.580556
0.632143 0.583333
0.632143 0.586111
0.630357 0.588889
0.630357 0.591667
0.628571 0.594444
0.628571 0.6
0.626786 0.602778
0.626786 0.605556
0.625 0.608333
0.625 0.611111
0.623214 0.613889
0.623214 0.616667
0.621429 0.619444
0.621429 0.622222
0.619643 0.625
0.619643 0.627778
0.617857 0.630556
0.617857 0.633333
0.614286 0.638889
0.614286 0.641667
0.610714 0.647222
0.610714 0.65
0.607143 0.655556
0.607143 0.658333
0.601786 0.666667
0.601786 0.669444
0.576786 0.708333
0.575 0.708333
0.569643 0.716667
0.567857 0.716667
0.564286 0.722222
0.5625 0.722222
0.558929 0.727778
0.557143 0.727778
0.555357 0.730556
0.553571 0.730556
0.55 0.736111
0.546429 0.736111
0.544643 0.738889
0.542857 0.738889
0.541071 0.741667
0.5375 0.741667
0.535714 0.744444
0.533929 0.744444
0.532143 0.747222
0.526786 0.747222
0.525 0.75