0.476786 0.727778
0.4625 0.688889
0.453571 0.636111
0.4625 0.580556
0.492857 0.541667
0.476786 0.525
0.453571 0.497222
0.442857 0.461111
0.444643 0.358333
0.453571 0.311111
0.4625 0.277778
0.473214 0.252778
0.482143 0.447222
0.501786 0.447222
0.5 0.402778
0.489286 0.344444
0.507143 0.3
0.532143 0.280556
0.580357 0.283333
0.619643 0.341667
0.633929 0.380556
0.642857 0.416667
0.644643 0.425
0.635714 0.386111
0.623214 0.352778
0.582143 0.286111
0.539286 0.277778
0.508929 0.3
0.489286 0.344444
0.5 0.4
0.501786 0.45
0.482143 0.447222
0.475 0.255556
0.4625 0.277778
0.453571 0.311111
0.444643 0.358333
0.442857 0.461111
0.453571 0.494444
0.482143 0.527778
0.483929 0.55
0.457143 0.602778
0.458929 0.675
0.467857 0.705556
0.494643 0.744444
0.541071 0.741667
0.5625 0.722222
0.610714 0.644444
0.623214 0.611111
0.632143 0.583333
0.641071 0.541667
0.646429 0.502778
0.6375 0.561111
0.628571 0.594444
0.619643 0.625
0.601786 0.666667
0.555357 0.730556
0.532143 0.747222
0.476786 0.727778
0.5267855 0.2680555
0.6000000000000001 0.3125
0.6267860000000001 0.36111150000000003
0.625893 0.6041665
0.6107145 0.6458335
0.448214 0.548611
0.5535712500000001 0.27569425000000003
0.6290180000000001 0.59374975
0.4508925 0.5923609999999999
0.5901785 0.29791650000000003
0.6232145 0.35138925
0.622768 0.61458325
0.6151787500000001 0.63541675
0.44553550000000003 0.504861
0.6274555 0.598958125
0.45223175 0.614236
0.5852677500000001 0.29062475000000004
0.62500025 0.356250375
0.6243305 0.6093748750000001
0.6129466250000001 0.6406251249999999
0.6282367500000001 0.5963539375
0.582812375 0.286978875
0.624107375 0.3538198125
0.6235492499999999 0.6119790625000001
0.6118305625 0.6432293124999999
0.6286273750000001 0.59505184375
0.5815846875 0.2851559375
0.6288226875 0.594400796875
0.58219853125 0.28606740625
0.582505453125 0.286523140625
0.581891609375 0.285611671875
0.5823519921875 0.2862952734375
0.5820450703125 0.2858395390625
0.58227526171875 0.28618133984375
0.58212180078125 0.28595347265625
0.5820744742692797 0.28639936798285326
0.5818193381500285 0.2860743666323806
0.6286218892783915 0.5939857378123025
0.5820983244040817 0.2871285462175575
0.5812067413224061 0.2857416896246477
0.6305805000000001 0.5885413749999999
0.5812402249447443 0.2867916339730921
0.6273619509826849 0.5940777803724576
0.5828585428381915 0.2889772621361652
0.5802654480214424 0.2847195292051739
0.623939875 0.6106769687500001
0.6210431871395922 0.6124481474342625
0.5810017996682083 0.28866011718354867
0.6228223962788983 0.6096320876593433
0.5795531911094247 0.2863199288386077
0.6208541916619172 0.35570553241291036
0.62979925 0.5911455624999999
0.6281842267791535 0.5928006775274943
0.61127253125 0.6445314062499999
0.6111174260343356 0.6436943105629486
0.6102213551134027 0.6415407225419755
0.6092870001103806 0.6431927054389359
0.6230024355095438 0.6061378982151775
0.566964125 0.279513625
0.6194731535021778 0.3520822780705679
0.6243327540613686 0.5912241340067445
0.5736605625 0.28142331249999997
0.5766084977759377 0.2837817750443529
0.5080359999999999 0.30481123193167253
0.5080359999999999 0.29518876806832745
0.58107582751132 0.2938204937070788
0.6053039688412123 0.6398496934831444
0.6242540681640857 0.596578422820093
0.6161539285968549 0.6181621011304312
0.5740572183858748 0.2913404594616082
0.44419625 0.482986
0.49251646007492345 0.401389
0.5074835399250766 0.401389
0.46105453992507656 0.49583299999999997
0.4943024600749234 0.448611
0.5092695399250765 0.448611
0.6099653151530025 0.6362649488759008
0.60625025 0.65625025
0.444865875 0.4939235
0.449119824944178 0.49583299999999997
0.467857 0.265278
0.49999975 0.26041675
0.6164085875861689 0.6075498810998679
0.6216867724706555 0.6011039604833892
0.6104031367542482 0.3576142271303152
0.4705355 0.25902800000000004
0.486606875 0.25659737499999996
0.4799104375 0.2546876875
0.4946287202125721 0.30481123193167237
0.5214432797874279 0.3048112319316727
0.6112242975386096 0.6275570270813101
0.6139957523006372 0.5937499454256422
0.47933139851458495 0.26573192188748973
0.4983788812142584 0.29588482550685175
0.517693118785742 0.29588482550685147
0.4725450847254303 0.53973216329225
0.4869480399250764 0.5119579980638462
0.6198571140087112 0.38814203807280845
0.6019462904987711 0.6306605944438558
0.5708856607126231 0.31148761899211036
0.4925164600749235 0.3805348996363518
0.5074835399250767 0.42224310036364826
0.46023639130644767 0.5122791465464014
0.46022774774443626 0.4794334225258855
0.5431980399250766 0.2984092338678265
0.49430246007492334 0.46946510036364825
0.5064008705162186 0.3863680168047081
0.49519766326071446 0.43258000171117006
0.44375 0.40972200000000003
0.5081868705162187 0.4636319831952921
0.5077922400520738 0.4357161743526411
0.6028868222180241 0.6483585859509328
0.6213020740836347 0.42564473193167257
0.5935829463297959 0.656986477124851
0.5902058915542969 0.6401585066327328
0.5364778802247705 0.7071467661321735
0.6145912548733221 0.5737718295446647
0.477621498261638 0.29241519764406
0.5019634445626852 0.27827756370524803
0.5985096762070518 0.6124295305754912
0.5252585434523666 0.7262052524649381
0.4855536098673603 0.6217372143473839
0.5432677303625533 0.4381839498181757
0.5716065108064408 0.6839246074063846
0.5108409259163654 0.5698842719406347
0.5013323601062858 0.32589141873395244
0.5089437004819173 0.3608744864614549
0.4935991294837812 0.4164099831952921
0.51302473413395 0.494588319836056
0.49812950576651827 0.6723247299955188
0.5474066139520626 0.3909619498181757
0.5306557404296505 0.45770196547700437
0.46900092656672754 0.41063344169585897
0.5629027205228329 0.6543905763377758
0.5817684795237575 0.5827913898797896
0.5424154011750331 0.3359133791755781
0.645536 0.463889
0.5870451349041595 0.48030543452240776
0.5833657571493643 0.38271505197106714
0.5853511422192652 0.5315970328181313
0.5597116526090153 0.3620957010671843
0.6196141582136869 0.4839389907355596
0.5504972217980026 0.4898426598875051
0.537328803828461 0.5331630024358663
0.6164938984544285 0.5184672429329329
0.49037377171858504 0.5919954298530107
0.5353342054156142 0.6130847042606754
0.5005090731722848 0.7048966546801375
0.5330257053589865 0.6724216078171169
0.5156618358706191 0.6420327092782688
0.583371213215877 0.3407819889478536
0.5608268426350107 0.5166442582016552
0.5621001719906826 0.5556924316199013
0.5415217970747637 0.5810328616237721
0.5835969110949775 0.44007926409424736
0.5710299939468224 0.41144733176124476
0.5623648047755301 0.46184659642065307
0.6107370677841031 0.4545103874433267
