255 69 0.0025486256220147645
69 190 0.0009302002157634215
190 255 0.002548625622014758
20 349 0.012883080003802108
349 452 0.019662610969548622
452 20 0.02619439531110399
22 250 0.001721998435364198
250 191 0.0017219984353641679
191 22 0.0021567463857988054
20 252 0.008626985543195275
252 349 0.006840252375016391
349 20 0.012883080003802108
191 250 0.0017219984353641679
250 66 0.0017219984353641531
66 191 0.0008910413697782339
4 330 0.001446928855639189
330 142 0.0024535230449359105
142 4 0.001929838286618857
174 318 0.004881069217294074
318 146 0.005723559305405564
146 174 0.004313492771597665
146 318 0.005723559305405564
318 335 0.008587553473974508
335 146 0.007346119338373668
81 171 0.012466199924696362
171 143 0.02191595801151535
143 81 0.012148359529171135
256 257 0.0010322431224795154
257 116 0.0010322431224794835
116 256 0.0011624847046204578
438 429 0.017778598959176037
429 14 0.012585500489979574
14 438 0.014970064834412095
449 383 0.03148193885514974
383 448 0.01911255492645854
448 449 0.026011959407751063
477 64 0.04253672544864693
64 25 0.04200896338878167
25 477 0.025890902843410394
17 271 0.0029960875730777894
271 274 0.0035627765419887123
274 17 0.0029148084115363957
75 429 0.012585500489979572
429 364 0.012585500489979586
364 75 0.007611352758229954
361 115 0.015439930992802378
115 443 0.008237792290696629
443 361 0.00952624824730283
370 357 0.004662861822697706
357 75 0.008720672079354012
75 370 0.004662861822697709
271 17 0.0029960875730777894
17 187 0.001093515376620869
187 271 0.002996087573077784
173 145 0.0046499388184819395
145 255 0.0063586470236712735
255 173 0.002645151575403947
364 303 0.020313822515411698
303 398 0.013407279787427895
398 364 0.019648311984775204
322 23 0.005487744026464808
23 65 0.003302586864868183
65 322 0.005534504359018936
144 172 0.0027188497747496947
172 245 0.0017474430064624911
245 144 0.001747443006462481
274 115 0.0030066385976935204
115 201 0.001929991374100315
201 274 0.002914808411536403
371 383 0.006278841325896561
383 362 0.006278841325896553
362 371 0.003309459350609619
277 50 0.006612587683292562
50 137 0.007615228509375182
137 277 0.002693262637937804
443 115 0.008237792290696629
115 274 0.0030066385976935204
274 443 0.008237792290696627
350 235 0.004050695057629437
235 262 0.002420597476507519
262 350 0.0040506950576294325
452 327 0.028727468737032087
327 20 0.017628724456405804
20 452 0.02619439531110399
59 365 0.007611352758229954
365 29 0.007611352758229964
29 59 0.0027780000000000027
277 216 0.0026932626379378185
216 235 0.0013397914967749032
235 277 0.0026932626379378446
386 308 0.02036871072409158
308 411 0.009682171202764765
411 386 0.025719688805178855
59 29 0.0027780000000000027
29 359 0.007611352758229964
359 59 0.007611352758229954
358 62 0.018059211041476085
62 25 0.02311618534706797
25 358 0.012238537098593785
401 64 0.0276628959195834
64 359 0.016273022557864326
359 401 0.018508726868166316
429 438 0.017778598959176037
438 62 0.03755756690862601
62 429 0.03889731223082768
472 477 0.022736443948022374
477 73 0.02273644394802235
73 472 0.03476787733310732
412 441 0.014521782526589174
441 401 0.020752073444654937
401 412 0.009676750054275146
401 359 0.018508726868166316
359 29 0.007611352758229964
29 401 0.014743154882060006
28 412 0.009676750054275094
412 401 0.009676750054275146
401 28 0.013399772911846908
435 441 0.011382074794468663
441 412 0.014521782526589174
412 435 0.011294405784346526
29 365 0.007611352758229964
365 401 0.017009652246896375
401 29 0.014743154882060006
326 404 0.010762055127902312
404 153 0.010762055127902301
153 326 0.004688829455222069
236 334 0.0032254221518020106
334 275 0.003225422151802009
275 236 0.001682812601901777
335 251 0.0051045214758770165
251 146 0.004313492771597665
146 335 0.007346119338373668
118 54 0.018598664495065198
54 386 0.011412126676214785
386 118 0.011412126676214749
76 12 0.0017859999999999543
12 303 0.004893403897119619
303 76 0.004893403897119619
427 73 0.01095797900575762
73 438 0.014970064834412058
438 427 0.01497006483441208
80 6 0.011670748133688754
6 143 0.007918211366843002
143 80 0.011641493128031262
6 80 0.011670748133688754
80 416 0.017965938799602624
416 6 0.015222705516459928
135 418 0.0259004908293058
418 462 0.028893411736587493
462 135 0.03515988791128431
417 7 0.01640192780018558
7 426 0.012307735555967482
426 417 0.01095797900575756
304 12 0.004893403897119619
12 76 0.0017859999999999543
76 304 0.004893403897119619
463 462 0.04192560077235774
462 396 0.02336158351129112
396 463 0.04560672013768409
6 416 0.015222705516459928
416 81 0.015222705516459907
81 6 0.005556000000000005
12 451 0.009682171202765006
451 398 0.00968217120276495
398 12 0.01340727978742789
373 475 0.05008795437642443
475 465 0.04975476693732091
465 373 0.022956221769223094
382 134 0.017435684022084643
134 348 0.013396402294265256
348 382 0.023410486905748682
381 5 0.009048651419441688
5 171 0.02191595801151524
171 381 0.020854285488879777
142 315 0.005287501787542921
315 4 0.005287501787542939
4 142 0.001929838286618857
82 185 0.0023633501281284616
185 5 0.004907046089871711
5 82 0.003302586864868259
3 83 0.014340723900835633
83 352 0.009238168616101342
352 3 0.0069962856482806675
302 330 0.0024535230449358003
330 331 0.0022491650071608366
331 302 0.0022491650071608557
290 289 0.002553512121732709
289 3 0.002188343901504058
3 290 0.0025535121217326964
147 35 0.013015199153297616
35 118 0.02031722749294303
118 147 0.023610258871939443
133 162 0.004376687803008116
162 293 0.003997026849054865
293 133 0.004502237695723112
269 117 0.0023937687258721043
117 21 0.0008930001399776253
21 269 0.002393768725872099
135 462 0.03515988791128431
462 417 0.02794092414158728
417 135 0.02191595801151524
451 418 0.021036333948715
418 135 0.0259004908293058
135 451 0.027311975719447306
76 303 0.004893403897119619
303 399 0.00987674038660462
399 76 0.009876740386604643
364 13 0.007611352758229964
13 75 0.0027780000000000027
75 364 0.007611352758229954
77 9 0.01754121195926898
9 418 0.02040385981149045
418 77 0.01533042718372837
418 304 0.01593543449088292
304 11 0.00807043836948155
11 418 0.015330427183728368
10 78 0.009907219842115197
78 9 0.005357000000000001
9 10 0.008334000000000064
450 473 0.027282567421244873
473 399 0.027282567421244883
399 450 0.01458858155735311
78 396 0.012118704662273251
396 9 0.012118704662273263
9 78 0.005357000000000001
10 9 0.008334000000000064
9 77 0.01754121195926898
77 10 0.012068463903910878
11 76 0.009049396941233167
76 399 0.009876740386604643
399 11 0.00987674038660467
79 418 0.01533042718372845
418 9 0.02040385981149045
9 79 0.012212619415997553
2 389 0.007459884509109559
389 405 0.01712637386273215
405 2 0.011974392729904904
246 363 0.00789097979099249
363 160 0.007890979790992486
160 246 0.0028800585856008872
329 291 0.004797060028304287
291 1 0.0027437906631382738
1 329 0.004797060028304304
120 299 0.005668688296102371
299 149 0.004132483727203036
149 120 0.004671417885663759
87 206 0.0003433333227460319
206 218 0.0008372653079495536
218 87 0.0008372653079495404
86 329 0.004797060028304286
329 292 0.006161886740310019
292 86 0.003804306506877539
200 114 0.0022389298059076
114 259 0.0019276130088354568
259 200 0.0019276130088354347
436 339 0.015747310475551245
339 394 0.010473878460607575
394 436 0.018890101856023023
396 79 0.012118704662273267
79 9 0.012212619415997553
9 396 0.012118704662273263
217 214 0.0005903135407281149
214 242 0.0008834723607399679
242 217 0.0008834723607399704
369 265 0.006119285195856462
265 393 0.009666371644564643
393 369 0.00806560402247424
76 11 0.009049396941233167
11 304 0.00807043836948155
304 76 0.004893403897119619
10 77 0.012068463903910878
77 399 0.012977516330100336
399 10 0.022991304970995934
220 119 0.0005313741270429177
119 230 0.0006530055278065564
230 220 0.0006530055278065638
33 55 0.0017859999999999543
55 305 0.00489340389711963
305 33 0.004893403897119609
255 279 0.0017796689374662098
279 69 0.0017796689374662304
69 255 0.0025486256220147645
34 386 0.011412126676214792
386 54 0.011412126676214785
54 34 0.004524303813848043
118 35 0.02031722749294303
35 54 0.009350870012998856
54 118 0.018598664495065198
175 260 0.0017885529038512817
260 148 0.0017885529038512765
148 175 0.002125496508171707
54 35 0.009350870012998856
35 387 0.014159327583688356
387 54 0.012395994352988698
176 273 0.002919541943545966
273 37 0.003075230596070792
37 176 0.002335708942831958
169 140 0.003536229305789638
140 282 0.002243669448099136
282 169 0.002243669448099083
260 287 0.003516428721402114
287 324 0.005697524639148929
324 260 0.003422156871217438
324 148 0.0034221568712174202
148 260 0.0017885529038512765
260 324 0.003422156871217438
147 36 0.023610258871939564
36 378 0.009376257430106486
378 147 0.018257720707652123
52 230 0.0006530055278065572
230 223 0.0013287987282848582
223 52 0.0008223285104891427
401 306 0.013399772911846908
306 28 0.004890664029316031
28 401 0.013399772911846908
137 202 0.0009519035636718738
202 216 0.0007254640423779539
216 137 0.0010313022090767156
27 358 0.007611352758229954
358 441 0.011382074794468622
441 27 0.011382074794468636
60 307 0.004890664029316031
307 28 0.004890664029316031
28 60 0.0017849999999999255
223 287 0.0035164287214021297
287 260 0.003516428721402114
260 223 0.0017885529038512748
273 320 0.007192463590757027
320 241 0.002956251712387823
241 273 0.005135146710069862
53 147 0.006636589786931235
147 378 0.018257720707652123
378 53 0.017500601024224145
387 34 0.012395994352988696
34 54 0.004524303813848043
54 387 0.012395994352988698
33 308 0.004893403897119609
308 55 0.00489340389711963
55 33 0.0017859999999999543
277 350 0.004050695057629462
350 391 0.00733571723521995
391 277 0.007335717235219963
325 43 0.0049114989160509975
43 270 0.003098517978402152
270 325 0.005694685108577171
402 308 0.009889071775147138
308 34 0.0147352747548984
34 402 0.00988907177514716
354 328 0.011054998472089185
328 49 0.006279244073357754
49 354 0.007202130272556125
321 354 0.007612369360419583
354 40 0.008145377526481696
40 321 0.00526465806540015
212 217 0.0004889985914810974
217 216 0.0004889985914811661
216 212 0.0007254640423779631
40 144 0.005437699549499304
144 321 0.004787762831925033
321 40 0.00526465806540015
203 122 0.0013594248873748313
122 231 0.0009218591883357243
231 203 0.0009218591883357186
338 286 0.0033994787410356084
286 138 0.0022259169640427207
138 338 0.0033994787410355923
231 261 0.002525772309517192
261 268 0.003039546256039859
268 231 0.0025257723095171223
321 144 0.004787762831925033
144 245 0.001747443006462481
245 321 0.004787762831925037
217 212 0.0004889985914810974
212 39 0.00026478067352042937
39 217 0.0004889985914810962
122 193 0.0027188497747496947
193 267 0.0013099652488425232
267 122 0.0025955197539780013
210 42 0.0002310759412331688
42 209 0.00012678501874816944
209 210 0.00023107594123315087
267 193 0.0013099652488425232
193 225 0.0008737215032312615
225 267 0.001309965248842523
178 239 0.0013594248873748313
239 243 0.0011545474910871934
243 178 0.0006331175315571197
325 420 0.009362607977956783
420 139 0.011430656960474959
139 325 0.0049225558461731865
422 152 0.016034541638617266
152 44 0.009884889889371529
44 422 0.016923410133656933
168 123 0.004942444944685747
123 270 0.004261827661065896
270 168 0.003098517978402146
270 123 0.004261827661065896
123 298 0.0025239879842640055
298 270 0.00252398798426408
298 123 0.0025239879842640055
123 234 0.0015726996115962067
234 298 0.002523987984264016
143 6 0.007918211366843002
6 81 0.005556000000000005
81 143 0.012148359529171135
249 285 0.002684828143806339
285 215 0.0019832428994079406
215 249 0.002100113215697528
376 271 0.009761536738597082
271 388 0.008117475305703383
388 376 0.01038471498950882
39 211 0.00026976877622695227
211 214 0.0003995300912736168
214 39 0.00039953009127362987
244 138 0.0013594248873748313
138 286 0.0022259169640427207
286 244 0.002225916964042722
153 404 0.010762055127902301
404 124 0.010762055127902279
124 153 0.018755309623210693
247 339 0.005466991848819762
339 360 0.007431337753074765
360 247 0.004840107906121997
247 158 0.0028329888078049725
158 183 0.002335708942831917
183 247 0.002065611650681302
253 127 0.0010118723614079464
127 254 0.0008284427498058485
254 253 0.0008284427498058062
90 294 0.008361089541519446
294 111 0.006484912600957068
111 90 0.003570999999999991
93 393 0.00806560402247416
393 108 0.008065604022474157
108 93 0.004524479307058471
253 254 0.0008284427498058062
254 94 0.0008284427498058159
94 253 0.0005482371072639431
393 265 0.009666371644564643
265 108 0.008094978891263324
108 393 0.008065604022474157
128 109 0.013975424859373734
109 373 0.019357447840156947
373 128 0.009041130287989125
199 232 0.001461110461172989
232 91 0.0014611104611729937
91 199 0.0005332777221170807
157 128 0.006987712429686843
128 373 0.009041130287989125
373 157 0.009041130287989172
113 88 0.005357000000000056
88 340 0.010520475153332622
340 113 0.006890305470341835
89 113 0.0105150943409938
113 340 0.006890305470341835
340 89 0.005732432095130045
334 326 0.003225422151802008
326 275 0.00459639742572356
275 334 0.003225422151802009
195 234 0.0015480274495196528
234 123 0.0015726996115962067
123 195 0.002471222472342911
374 130 0.004524544984028843
130 375 0.004184192557584824
375 374 0.004184192557584854
112 309 0.0013891250224961666
309 310 0.0020922294454231998
310 112 0.0020922294454232227
111 294 0.006484912600957068
294 129 0.004214859629292468
129 111 0.009342835771327593
309 89 0.0022622724920142996
89 310 0.0020922294454231347
310 309 0.0020922294454231998
112 310 0.0020922294454232227
310 342 0.003579457035771404
342 112 0.0035794570357714074
316 125 0.007021636915361039
125 154 0.007072458611579167
154 316 0.005285547154722606
248 126 0.001326246919992462
126 238 0.0009947788826621608
238 248 0.0013262469199924408
393 93 0.00806560402247416
93 373 0.009041130287989184
373 393 0.011788773278133425
341 311 0.005779166192671372
311 98 0.0035362293057895292
98 341 0.005779166192671341
353 104 0.00726979797590487
104 300 0.0026533389554474246
300 353 0.007269797975904863
140 125 0.007072458611579167
125 337 0.006905307340569238
337 140 0.006147357682629871
104 284 0.0019895577653244595
284 300 0.0026533389554474276
300 104 0.0026533389554474246
346 102 0.008247210690918995
102 99 0.0033025868648682895
99 346 0.0061473576826296585
337 346 0.006419571255745246
346 282 0.006147357682629662
282 337 0.006147357682629862
196 275 0.0010328900902493022
275 224 0.001677598247545878
224 196 0.002344413702901314
293 84 0.003997026849054872
84 290 0.0025535121217327207
290 293 0.005150056508377551
301 105 0.004330599802864403
105 248 0.0015805871353616013
248 301 0.004330599802864387
246 296 0.0038122706791025142
296 363 0.008497093862458218
363 246 0.00789097979099249
248 105 0.0015805871353616013
105 126 0.0016519844127593328
126 248 0.001326246919992462
258 156 0.005617550352429135
156 182 0.004047489445631785
182 258 0.0024349663807705993
197 237 0.00161585706418204
237 96 0.001615857064182045
96 197 0.0006198021672778611
377 156 0.008568429967942116
156 258 0.005617550352429135
258 377 0.00956642220866191
313 126 0.003979115530648674
126 105 0.0016519844127593328
105 313 0.003153234078886269
141 313 0.0039791155306487065
313 283 0.006490254428965951
283 141 0.0032336792883977355
283 300 0.004974697476884965
300 97 0.0026533389554474346
97 283 0.0032336792883977117
106 95 0.0017859999999999543
95 314 0.004496071012251868
314 106 0.004496071012251845
283 97 0.0032336792883977117
97 170 0.0012390634189782179
170 283 0.003233679288397705
159 317 0.0048920340111711265
317 130 0.004904446574593499
130 159 0.004524544984028843
246 229 0.002139432920312628
229 296 0.0028716073412969104
296 246 0.0038122706791025142
99 169 0.001314639191232707
169 282 0.002243669448099083
282 99 0.0022436694480990754
319 180 0.004169960064776227
180 100 0.009377654811605374
100 319 0.011283354073539526
199 129 0.00116785447141588
129 232 0.001538344158009769
232 199 0.001461110461172989
142 134 0.009814092179743413
134 315 0.008912742731523603
315 142 0.005287501787542921
305 56 0.024227232716856405
56 400 0.02018877311846995
400 305 0.01340727978742784
170 141 0.0039791155306487065
141 283 0.0032336792883977355
283 170 0.003233679288397705
278 177 0.0030493591115662855
177 151 0.005437699549499272
151 278 0.0031090977311241568
332 66 0.002839027988479361
66 250 0.0017219984353641531
250 332 0.00283902798847937
35 147 0.013015199153297616
147 53 0.006636589786931235
53 35 0.0076641850838820545
223 260 0.0017885529038512748
260 175 0.0017885529038512817
175 223 0.0008223285104891555
51 176 0.0010655776675704625
176 149 0.002335708942831917
149 51 0.0015082785095930564
49 347 0.002188662676727443
347 150 0.003807614254687591
150 49 0.0026286415217751254
215 205 0.001215352392985506
205 208 0.0006797124436874316
208 215 0.0007969512420945359
179 152 0.004942444944685802
152 276 0.006056227971243872
276 179 0.0024785468929624187
101 275 0.0010328900902492942
275 196 0.0010328900902493022
196 101 0.0003769853745919316
316 154 0.005285547154722606
154 103 0.0019291248825568754
103 316 0.005285547154722607
155 295 0.0032576759258108406
295 181 0.0032576759258108423
181 155 0.003979115530648812
254 266 0.0016256301829345279
266 94 0.0016256301829345311
94 254 0.0008284427498058159
93 108 0.004524479307058471
108 157 0.006987712429686793
157 93 0.0035016478977760914
91 247 0.002065611650681312
247 183 0.002065611650681302
183 91 0.0007539092389835739
317 159 0.0048920340111711265
159 112 0.0017855000175019846
112 317 0.004892034011171122
184 219 0.0005597324514768839
219 229 0.000780852608125695
229 184 0.0007808526081256844
292 161 0.003804306506877528
161 86 0.0013885000225063162
86 292 0.003804306506877539
293 162 0.003997026849054865
162 84 0.001458839307463223
84 293 0.003997026849054872
185 348 0.005915148895931972
348 163 0.0059151488959319825
163 185 0.004907046089871593
186 75 0.014804448708496344
75 357 0.008720672079354012
357 186 0.01095797900575762
187 165 0.003859982748200567
165 271 0.0042002151555862385
271 187 0.002996087573077784
166 226 0.0010781427094958358
226 188 0.0010781427094958534
188 166 0.001903807127343798
231 268 0.0025257723095171223
268 41 0.0025257723095171197
41 231 0.0009218591883356924
43 272 0.0017926043401465862
272 168 0.002471222472342911
168 43 0.0011309005399459315
99 102 0.0033025868648682895
102 169 0.0035362293057895292
169 99 0.001314639191232707
97 284 0.0015033500844987017
284 170 0.0019895577653243532
170 97 0.0012390634189782179
416 171 0.02445018800810102
171 81 0.012466199924696362
81 416 0.015222705516459907
245 172 0.0017474430064624911
172 48 0.0007628500861285718
48 245 0.0017474430064625122
190 173 0.0023249694092409698
173 255 0.002645151575403947
255 190 0.002548625622014758
174 66 0.0017814980748305479
66 332 0.002839027988479361
332 174 0.003837732704754656
175 192 0.0010627482540858353
192 223 0.0008223285104891436
223 175 0.0008223285104891555
273 176 0.002919541943545966
176 51 0.0010655776675704625
51 273 0.0029195419435459734
221 177 0.0006797124436874316
177 240 0.0011129584820216902
240 221 0.0011129584820216841
209 178 0.0003398562218437424
178 210 0.0002310759412331719
210 209 0.00023107594123315087
233 179 0.001235611236171418
179 276 0.0024785468929624187
276 233 0.002478546892962422
319 222 0.0041699600647762515
222 180 0.002344413702901317
180 319 0.004169960064776227
197 181 0.0019895577653243216
181 237 0.0016158570641819725
237 197 0.00161585706418204
182 198 0.0020237447228158927
198 258 0.0023241738406500024
258 182 0.0024349663807705993
247 91 0.002065611650681312
91 232 0.0014611104611729937
232 247 0.0021195312152865356
229 87 0.0007808526081257179
87 218 0.0008372653079495404
218 229 0.0014033636044855366
348 185 0.005915148895931972
185 82 0.0023633501281284616
82 348 0.005915148895931969
186 14 0.006577657566527796
14 429 0.012585500489979574
429 186 0.015309912289184784
17 201 0.001063850017789903
201 187 0.0019299913741003068
187 17 0.001093515376620869
211 188 0.0002379758909179216
188 214 0.0003995300912736167
214 211 0.0003995300912736168
268 189 0.0031899454144895274
189 41 0.0012207217783574815
41 268 0.0025257723095171197
69 256 0.0006664864268884821
256 190 0.0011624847046205118
190 69 0.0009302002157634215
66 174 0.0017814980748305479
174 191 0.0021567463857988054
191 66 0.0008910413697782339
223 192 0.0008223285104891436
192 52 0.00036526237359264005
52 223 0.0008223285104891427
204 225 0.0008737215032312456
225 193 0.0008737215032312615
193 204 0.0013594248873748313
215 42 0.00063311753155711
42 210 0.0002310759412331688
210 215 0.0006331175315571058
234 195 0.0015480274495196528
195 45 0.0005650007812495284
45 234 0.0015480274495196578
275 101 0.0010328900902492942
101 236 0.0008256548343457424
236 275 0.001682812601901777
96 238 0.0007520834979513869
238 197 0.000994778882662192
197 96 0.0006198021672778611
258 198 0.0023241738406500024
198 94 0.0008482795548195287
94 258 0.0023241738406500176
91 183 0.0007539092389835739
183 199 0.0011678544714159625
199 91 0.0005332777221170807
206 200 0.0011194649029537679
200 218 0.0008372653079495438
218 206 0.0008372653079495536
274 201 0.002914808411536403
201 17 0.001063850017789903
17 274 0.0029148084115363957
212 202 0.00026478067352046373
202 207 0.00047595178183598496
207 212 0.00026478067352043153
41 189 0.0012207217783574815
189 203 0.0013594248873748632
203 41 0.0005087660863934322
225 204 0.0008737215032312456
204 47 0.00038142504306420743
47 225 0.0008737215032312364
213 249 0.0034161893359885053
249 239 0.002753223201299036
239 213 0.0013594248873748632
87 219 0.0004517702066096228
219 206 0.0005597324514768839
206 87 0.0003433333227460319
212 207 0.00026478067352043153
207 39 0.0001641446966713259
39 212 0.00026478067352042937
215 208 0.0007969512420945359
208 42 0.0003046374802691821
42 215 0.00063311753155711
42 208 0.0003046374802691821
208 209 0.00033985622184365736
209 42 0.00012678501874816944
215 210 0.0006331175315571058
210 243 0.0006331175315571068
243 215 0.0007665016585783059
205 215 0.001215352392985506
215 285 0.0019832428994079406
285 205 0.0019832428994079206
39 214 0.00039953009127362987
214 217 0.0005903135407281149
217 39 0.0004889985914810962
39 207 0.0001641446966713259
207 211 0.00023797589091796716
211 39 0.00026976877622695227
202 212 0.00026478067352046373
212 216 0.0007254640423779631
216 202 0.0007254640423779539
249 215 0.002100113215697528
215 243 0.0007665016585783059
243 249 0.0021001132156975274
205 285 0.0019832428994079206
285 194 0.0019832428994079193
194 205 0.0013594248873748632
217 235 0.0013397914967748924
235 216 0.0013397914967749032
216 217 0.0004889985914811661
305 55 0.00489340389711963
55 413 0.008173188232131017
413 305 0.008173188232131005
243 210 0.0006331175315571068
210 178 0.0002310759412331719
178 243 0.0006331175315571197
240 225 0.0017743988849503642
225 47 0.0008737215032312364
47 240 0.0011129584820216726
188 226 0.0010781427094958534
226 214 0.001078142709495869
214 188 0.0003995300912736167
277 137 0.002693262637937804
137 216 0.0010313022090767156
216 277 0.0026932626379378185
281 262 0.0016510496742715615
262 242 0.002420597476507539
242 281 0.002270808367764475
235 217 0.0013397914967748924
217 242 0.0008834723607399704
242 235 0.0008834723607399506
259 218 0.0019276130088354195
218 200 0.0008372653079495438
200 259 0.0019276130088354347
229 246 0.002139432920312628
246 184 0.0021394329203126353
184 229 0.0007808526081256844
229 219 0.000780852608125695
219 87 0.0004517702066096228
87 229 0.0007808526081257179
52 192 0.00036526237359264005
192 220 0.0005313741270429358
220 52 0.00042735007650705916
47 204 0.00038142504306420743
204 221 0.0006797124436873466
221 47 0.0006144919921750236
227 222 0.0011722068514507125
222 236 0.0016561428861545321
236 227 0.0008256548343457177
230 52 0.0006530055278065572
52 220 0.00042735007650705916
220 230 0.0006530055278065638
36 148 0.00425099301634329
148 324 0.0034221568712174202
324 36 0.0034221568712173617
101 228 0.0005224751116068643
228 236 0.0008256548343457354
236 101 0.0008256548343457424
326 224 0.004596397425723565
224 275 0.001677598247545878
275 326 0.00459639742572356
240 47 0.0011129584820216726
47 221 0.0006144919921750236
221 240 0.0011129584820216841
203 231 0.0009218591883357186
231 41 0.0009218591883356924
41 203 0.0005087660863934322
347 328 0.00576539110051182
328 121 0.004071220900376295
121 347 0.003807614254687591
166 281 0.0016510496742714869
281 226 0.0016510496742715096
226 166 0.0010781427094958358
228 227 0.0005861034257252453
227 236 0.0008256548343457177
236 228 0.0008256548343457354
101 196 0.0003769853745919316
196 228 0.0005861034257253563
228 101 0.0005224751116068643
296 218 0.0028716073412969074
218 259 0.0019276130088354195
259 296 0.002871607341296923
160 184 0.00447785961181508
184 246 0.0021394329203126353
246 160 0.0028800585856008872
273 241 0.005135146710069862
241 37 0.004250993016343396
37 273 0.003075230596070792
299 51 0.004132483727203053
51 149 0.0015082785095930564
149 299 0.004132483727203036
288 267 0.0030270619694832165
267 225 0.001309965248842523
225 288 0.003303770076118602
338 138 0.0033994787410355923
138 167 0.005437699549499272
167 338 0.0033994787410355724
133 293 0.004502237695723112
293 389 0.0074598845091094915
389 133 0.007459884509109519
247 360 0.004840107906121997
360 158 0.004840107906122014
158 247 0.0028329888078049725
45 195 0.0005650007812495284
195 233 0.001235611236171418
233 45 0.0010962622656455127
233 276 0.002478546892962422
276 45 0.0024785468929624287
45 233 0.0010962622656455127
168 270 0.003098517978402146
270 43 0.003098517978402152
43 168 0.0011309005399459315
262 235 0.002420597476507519
235 242 0.0008834723607399506
242 262 0.002420597476507539
305 444 0.01983333342529985
444 56 0.019833333425299807
56 305 0.024227232716856405
236 222 0.0016561428861545321
222 319 0.0041699600647762515
319 236 0.004169960064776267
431 61 0.013967457247175354
61 366 0.007611352758229964
366 431 0.013967457247175375
155 106 0.007958231061297519
106 314 0.004496071012251845
314 155 0.004496071012251753
181 295 0.0032576759258108423
295 237 0.0032576759258108536
237 181 0.0016158570641819725
248 238 0.0013262469199924408
238 96 0.0007520834979513869
96 248 0.0013262469199924291
243 239 0.0011545474910871934
239 249 0.002753223201299036
249 243 0.0021001132156975274
177 278 0.0030493591115662855
278 240 0.0030493591115662907
240 177 0.0011129584820216902
231 122 0.0009218591883357243
122 261 0.0025257723095172113
261 231 0.002525772309517192
324 423 0.010580488170402327
423 378 0.010580488170402342
378 324 0.009376257430106495
241 320 0.002956251712387823
320 119 0.0017891488211698723
119 241 0.004250993016343396
214 226 0.001078142709495869
226 242 0.0012805565985479696
242 214 0.0008834723607399679
242 226 0.0012805565985479696
226 281 0.0016510496742715096
281 242 0.002270808367764475
249 213 0.0034161893359885053
213 46 0.0027188497747496097
46 249 0.005562264726899009
48 172 0.0007628500861285718
172 244 0.0013594248873748313
244 48 0.0012289839843502186
167 189 0.0027188497747496097
189 268 0.0031899454144895274
268 167 0.00487237159725508
245 48 0.0017474430064625122
48 286 0.0022259169640427303
286 245 0.003548797769900506
229 218 0.0014033636044855366
218 296 0.0028716073412969074
296 229 0.0028716073412969104
132 161 0.00548758132627662
161 292 0.003804306506877528
292 132 0.004864361760887857
294 232 0.004214859629292473
232 129 0.001538344158009769
129 294 0.004214859629292468
289 290 0.002553512121732709
290 84 0.0025535121217327207
84 289 0.0013148372641699675
96 237 0.001615857064182045
237 248 0.0024873346547992906
248 96 0.0013262469199924291
237 295 0.0032576759258108536
295 301 0.006863654718941264
301 237 0.0053156932169545
325 139 0.0049225558461731865
139 272 0.002471222472342891
272 325 0.00491149891605099
261 288 0.0030270619694832217
288 268 0.005505092071962711
268 261 0.003039546256039859
333 22 0.003139662735088623
22 322 0.005487744026464765
322 333 0.0031396627350886355
318 174 0.004881069217294074
174 332 0.003837732704754656
332 318 0.0028390279884793934
263 251 0.0021567463857988054
251 335 0.0051045214758770165
335 263 0.005104521475877019
94 198 0.0008482795548195287
198 253 0.0010118723614078416
253 94 0.0005482371072639431
264 269 0.00239376872587211
269 349 0.006558609861134364
349 264 0.00655860986113436
266 258 0.0016256301829345912
258 94 0.0023241738406500176
94 266 0.0016256301829345311
297 377 0.008512735557400444
377 258 0.00956642220866191
258 297 0.004454011798682867
327 145 0.009860210457812204
145 20 0.009299877636963811
20 327 0.017628724456405804
257 371 0.002828209696705576
371 116 0.0028282096967055794
116 257 0.0010322431224794835
257 256 0.0010322431224795154
256 69 0.0006664864268884821
69 257 0.001032243122479528
257 69 0.001032243122479528
69 279 0.0017796689374662304
279 257 0.0017796689374662436
371 362 0.003309459350609619
362 116 0.0046499388184819395
116 371 0.0028282096967055794
254 345 0.0022698236172679644
345 266 0.0028228947297386
266 254 0.0016256301829345279
395 95 0.006722592944613108
95 377 0.008512735557400475
377 395 0.006722592944613107
403 132 0.007127652567704898
132 292 0.004864361760887857
292 403 0.007127652567704912
132 403 0.007127652567704898
403 323 0.007127652567704877
323 132 0.005487581326276584
287 223 0.0035164287214021297
223 230 0.0013287987282848582
230 287 0.003516428721402137
390 320 0.00912435674830482
320 273 0.007192463590757027
273 390 0.007675678922300238
240 278 0.0030493591115662907
278 288 0.004882592105707471
288 240 0.003027061969483227
48 244 0.0012289839843502186
244 286 0.002225916964042722
286 48 0.0022259169640427303
150 40 0.0076152285093750854
40 354 0.008145377526481696
354 150 0.007202130272556117
60 28 0.0017849999999999255
28 306 0.004890664029316031
306 60 0.004890664029316031
21 117 0.0008930001399776253
117 263 0.0021567463857988054
263 21 0.0021105685336317054
295 314 0.005988459594011747
314 395 0.006722592944613101
395 295 0.010402440527501593
264 117 0.004313492771597611
117 269 0.0023937687258721043
269 264 0.00239376872587211
336 369 0.006119285195856454
369 345 0.006119285195856459
345 336 0.003045761053180358
127 336 0.004047489445631681
336 345 0.003045761053180358
345 127 0.002269823617267984
258 266 0.0016256301829345912
266 297 0.004454011798682859
297 258 0.004454011798682867
288 225 0.003303770076118602
225 240 0.0017743988849503642
240 288 0.003027061969483227
122 267 0.0025955197539780013
267 261 0.0013099652488425856
261 122 0.0025257723095172113
288 261 0.0030270619694832217
261 267 0.0013099652488425856
267 288 0.0030270619694832165
288 351 0.011034815574622743
351 409 0.014109323872922361
409 288 0.009464538646991287
335 21 0.005104521475877022
21 263 0.0021105685336317054
263 335 0.005104521475877019
21 356 0.003934446456404031
356 269 0.003934446456404045
269 21 0.002393768725872099
234 45 0.0015480274495196578
45 276 0.0024785468929624287
276 234 0.003397244394283829
46 139 0.009884889889371548
139 420 0.011430656960474959
420 46 0.009362607977956764
388 165 0.008117475305703387
165 136 0.007719965496401189
136 388 0.008117475305703404
458 58 0.029788602425925313
58 64 0.027425148495495922
64 458 0.023746382443892638
325 272 0.00491149891605099
272 43 0.0017926043401465862
43 325 0.0049114989160509975
120 38 0.009342835771327674
38 419 0.00968266485247082
419 120 0.009682664852470794
230 119 0.0006530055278065564
119 320 0.0017891488211698723
320 230 0.0017891488211698697
388 271 0.008117475305703383
271 165 0.0042002151555862385
165 388 0.008117475305703387
458 72 0.024552990203424843
72 361 0.015439930992802369
361 458 0.023746382443892603
224 326 0.004596397425723565
326 153 0.004688829455222069
153 224 0.0023444137029013726
454 124 0.02948660834484584
124 404 0.010762055127902279
404 454 0.029486608344845854
325 270 0.005694685108577171
270 355 0.006915393414603185
355 325 0.008552934938388296
235 350 0.004050695057629437
350 277 0.004050695057629462
277 235 0.0026932626379378446
461 419 0.01795235187359079
419 457 0.03160158176029876
457 461 0.032250026816084104
194 285 0.0019832428994079193
285 151 0.00387575393240299
151 194 0.0027188497747496626
278 285 0.006165406279905732
285 351 0.007356074189249038
351 278 0.009421178351983927
327 255 0.00487605762272122
255 145 0.0063586470236712735
145 327 0.009860210457812204
371 257 0.002828209696705576
257 279 0.0017796689374662436
279 371 0.0036215083385813386
362 383 0.006278841325896553
383 280 0.006278841325896546
280 362 0.004649938818481926
383 70 0.01300597687563439
70 280 0.009299877636963811
280 383 0.006278841325896546
166 121 0.003807614254687591
121 281 0.003907468813480552
281 166 0.0016510496742714869
328 281 0.0040712209003762575
281 121 0.003907468813480552
121 328 0.004071220900376295
337 125 0.006905307340569238
125 316 0.007021636915361039
316 337 0.00930000342288978
337 282 0.006147357682629862
282 140 0.002243669448099136
140 337 0.006147357682629871
237 301 0.0053156932169545
301 248 0.004330599802864387
248 237 0.0024873346547992906
98 104 0.014340723900835618
104 353 0.00726979797590487
353 98 0.008896718334866764
300 284 0.0026533389554474276
284 97 0.0015033500844987017
97 300 0.0026533389554474346
285 249 0.002684828143806339
249 351 0.007356074189249035
351 285 0.007356074189249038
278 151 0.0031090977311241568
151 285 0.00387575393240299
285 278 0.006165406279905732
409 268 0.00946453864699128
268 288 0.005505092071962711
288 409 0.009464538646991287
245 286 0.003548797769900506
286 321 0.007340300534550397
321 245 0.004787762831925037
51 299 0.004132483727203053
299 273 0.004236875295350923
273 51 0.0029195419435459734
55 402 0.009889071775147144
402 413 0.008173188232130998
413 55 0.008173188232131017
46 420 0.009362607977956764
420 249 0.009362607977956731
249 46 0.005562264726899009
354 321 0.007612369360419583
321 379 0.011375699492788646
379 354 0.016466325746847102
84 162 0.001458839307463223
162 289 0.002188343901504058
289 84 0.0013148372641699675
83 302 0.004907046089871703
302 344 0.003828020925715704
344 83 0.0038280209257156683
294 339 0.005466991848819711
339 232 0.005466991848819749
232 294 0.004214859629292473
86 161 0.0013885000225063162
161 291 0.00274379066313831
291 86 0.0019157874237829917
291 329 0.004797060028304287
329 86 0.004797060028304286
86 291 0.0019157874237829917
130 317 0.004904446574593499
317 375 0.004612297514252568
375 130 0.004184192557584824
344 331 0.0038280209257157086
331 343 0.003724572288057567
343 344 0.006225440760737988
317 342 0.003579457035771434
342 380 0.009807239086459554
380 317 0.009807239086459555
374 375 0.004184192557584854
375 90 0.004184192557584849
90 374 0.0027777500450004732
247 232 0.0021195312152865356
232 339 0.005466991848819749
339 247 0.005466991848819762
377 312 0.008512735557400465
312 156 0.004047489445631681
156 377 0.008568429967942116
301 283 0.01014085118468737
283 313 0.006490254428965951
313 301 0.0066447916625824895
296 259 0.002871607341296923
259 323 0.005509672669266469
323 296 0.0071835486695984475
403 292 0.007127652567704912
292 424 0.009792821047160085
424 403 0.009792821047160082
369 336 0.006119285195856454
336 265 0.004047489445631785
265 369 0.006119285195856462
369 297 0.008020153679921581
297 345 0.005902088073184417
345 369 0.006119285195856459
234 276 0.003397244394283829
276 298 0.005152154268888039
298 234 0.002523987984264016
298 276 0.005152154268888039
276 355 0.00892741388277637
355 298 0.006915393414603193
50 277 0.006612587683292562
277 391 0.007335717235219963
391 50 0.007335717235219987
273 299 0.004236875295350923
299 390 0.007675678922300228
390 273 0.007675678922300238
397 283 0.013630013449261364
283 301 0.01014085118468737
301 397 0.01621247169434789
300 397 0.01363001344926136
397 353 0.015219909847446778
353 300 0.007269797975904863
295 155 0.0032576759258108406
155 314 0.004496071012251753
314 295 0.005988459594011747
103 341 0.005779166192671394
341 316 0.007356220686204403
316 103 0.005285547154722607
4 315 0.005287501787542939
315 343 0.0037245722880576244
343 4 0.003724572288057574
398 303 0.013407279787427895
303 12 0.004893403897119619
12 398 0.01340727978742789
399 77 0.012977516330100336
77 11 0.00603446211356072
11 399 0.00987674038660467
11 77 0.00603446211356072
77 418 0.01533042718372837
418 11 0.015330427183728368
398 13 0.017500681050768515
13 364 0.007611352758229964
364 398 0.019648311984775204
402 55 0.009889071775147144
55 308 0.00489340389711963
308 402 0.009889071775147138
423 468 0.02924781540847277
468 432 0.024566693364079642
432 423 0.022509393370556536
58 57 0.03905261018165112
57 470 0.025028835550172907
470 58 0.02502883555017287
150 354 0.007202130272556117
354 49 0.007202130272556125
49 150 0.0026286415217751254
355 276 0.00892741388277637
276 422 0.016034541638617263
422 355 0.016034541638617256
326 368 0.008837230306542201
368 404 0.015924263424115202
404 326 0.010762055127902312
349 252 0.006840252375016391
252 264 0.004313492771597597
264 349 0.00655860986113436
349 356 0.0055911636160292655
356 392 0.010779863170647433
392 349 0.01116242310338891
112 159 0.0017855000175019846
159 309 0.002262272492014387
309 112 0.0013891250224961666
342 317 0.003579457035771434
317 112 0.004892034011171122
112 342 0.0035794570357714074
323 403 0.007127652567704877
403 296 0.008318621753357234
296 323 0.0071835486695984475
103 154 0.0019291248825568754
154 311 0.003536229305789638
311 103 0.002188700916782652
95 106 0.0017859999999999543
106 312 0.004047489445631681
312 95 0.003845538429465991
313 105 0.003153234078886269
105 301 0.004330599802864403
301 313 0.0066447916625824895
95 312 0.003845538429465991
312 377 0.008512735557400465
377 95 0.008512735557400475
95 395 0.006722592944613108
395 314 0.006722592944613101
314 95 0.004496071012251868
134 163 0.009814092179743413
163 348 0.0059151488959319825
348 134 0.013396402294265256
110 158 0.004671417885663916
158 360 0.004840107906122014
360 110 0.004840107906122043
311 341 0.005779166192671372
341 103 0.005779166192671394
103 311 0.002188700916782652
442 102 0.014999331327639162
102 346 0.008247210690918995
346 442 0.014999331327639174
89 340 0.005732432095130045
340 310 0.005732432095130036
310 89 0.0020922294454231347
375 380 0.011902372182403411
380 394 0.010779068255186453
394 375 0.01047387846060754
318 332 0.0028390279884793934
332 367 0.007778561378979336
367 318 0.007778561378979345
335 356 0.003934446456403996
356 21 0.003934446456404031
21 335 0.005104521475877022
99 282 0.0022436694480990754
282 346 0.006147357682629662
346 99 0.0061473576826296585
61 431 0.013967457247175354
431 62 0.013967457247175312
62 61 0.018133155765061935
287 230 0.003516428721402137
230 320 0.0017891488211698697
320 287 0.003834215786885473
286 338 0.0033994787410356084
338 379 0.009314122351377067
379 286 0.009314122351377074
328 262 0.004071220900376246
262 281 0.0016510496742715615
281 328 0.0040712209003762575
432 53 0.011849313210274548
53 378 0.017500601024224145
378 432 0.017876735581248655
367 333 0.008950444719811506
333 65 0.007466684131877666
65 367 0.009437617077672296
259 114 0.0019276130088354568
114 323 0.0054875813262767045
323 259 0.005509672669266469
36 324 0.0034221568712173617
324 378 0.009376257430106495
378 36 0.009376257430106486
298 355 0.006915393414603193
355 270 0.006915393414603185
270 298 0.00252398798426408
288 278 0.004882592105707471
278 351 0.009421178351983927
351 288 0.011034815574622743
334 368 0.008837230306542201
368 326 0.008837230306542201
326 334 0.003225422151802008
366 61 0.007611352758229964
61 27 0.0027780000000000027
27 366 0.007611352758229954
448 383 0.01911255492645854
383 327 0.009529550118132286
327 448 0.01911255492645853
279 255 0.0017796689374662098
255 327 0.00487605762272122
327 279 0.004876057622721227
328 354 0.011054998472089185
354 428 0.018662875147231053
428 328 0.018662875147231042
401 365 0.017009652246896375
365 306 0.017776270435912185
306 401 0.013399772911846908
389 2 0.007459884509109559
2 133 0.008753375606016215
133 389 0.007459884509109519
407 352 0.011893654883227722
352 344 0.010555049821551046
344 407 0.019606166562236727
331 330 0.0022491650071608366
330 4 0.001446928855639189
4 331 0.002249165007160835
4 343 0.003724572288057574
343 331 0.003724572288057567
331 4 0.002249165007160835
302 331 0.0022491650071608557
331 344 0.0038280209257157086
344 302 0.003828020925715704
333 250 0.0031396627350886064
250 22 0.001721998435364198
22 333 0.003139662735088623
332 333 0.004779360253405594
333 367 0.008950444719811506
367 332 0.007778561378979336
65 333 0.007466684131877666
333 322 0.0031396627350886355
322 65 0.005534504359018936
332 250 0.00283902798847937
250 333 0.0031396627350886064
333 332 0.004779360253405594
236 319 0.004169960064776267
319 334 0.00369958801732776
334 236 0.0032254221518020106
368 334 0.008837230306542201
334 319 0.00369958801732776
319 368 0.009320921084141353
392 318 0.015572862343159037
318 367 0.007778561378979345
367 392 0.016449141376574883
400 33 0.01340727978742783
33 305 0.004893403897119609
305 400 0.01340727978742784
254 127 0.0008284427498058485
127 345 0.002269823617267984
345 254 0.0022698236172679644
421 337 0.017588776596137577
337 437 0.016284994713637983
437 421 0.01190094707683859
102 442 0.014999331327639162
442 100 0.014999331327639176
100 102 0.022507253675204324
167 268 0.00487237159725508
268 338 0.006639707053052901
338 167 0.0033994787410355724
338 268 0.006639707053052901
268 379 0.011536285293999927
379 338 0.009314122351377067
294 90 0.008361089541519446
90 394 0.010473878460607555
394 294 0.011426841817192258
389 293 0.0074598845091094915
293 407 0.011893654883227765
407 389 0.014924481066407052
446 131 0.018099228294622453
131 363 0.01059608801965491
363 446 0.018099228294622436
310 340 0.005732432095130036
340 342 0.007422795858590273
342 310 0.003579457035771404
437 353 0.018795121441227327
353 397 0.015219909847446778
397 437 0.022444853018325654
437 316 0.01190094707683854
316 341 0.007356220686204403
341 437 0.01190094707683851
131 446 0.018099228294622453
446 88 0.01809922829462247
88 131 0.01791143844726042
131 160 0.008955719223630271
160 363 0.007890979790992486
363 131 0.01059608801965491
315 382 0.010204835694000823
382 343 0.010204835694000802
343 315 0.0037245722880576244
290 3 0.0025535121217326964
3 352 0.0069962856482806675
352 290 0.006996285648280664
352 407 0.011893654883227722
407 290 0.01189365488322775
290 352 0.006996285648280664
83 344 0.0038280209257156683
344 352 0.010555049821551046
352 83 0.009238168616101342
297 266 0.004454011798682859
266 345 0.0028228947297386
345 297 0.005902088073184417
316 437 0.01190094707683854
437 337 0.016284994713637983
337 316 0.00930000342288978
476 442 0.03511869159183062
442 421 0.026122681565781843
421 476 0.03511869159183059
328 347 0.00576539110051182
347 49 0.002188662676727443
49 328 0.006279244073357754
381 82 0.009048651419441691
82 5 0.003302586864868259
5 381 0.009048651419441688
447 348 0.023072049225291463
348 381 0.010185675724655181
381 447 0.023072049225291463
318 392 0.015572862343159037
392 335 0.01077986317064744
335 318 0.008587553473974508
452 392 0.015082078648271463
392 411 0.02619496412418601
411 452 0.015082078648271473
328 350 0.007153037099973775
350 262 0.0040506950576294325
262 328 0.004071220900376246
58 470 0.02502883555017287
470 430 0.025028835550172848
430 58 0.013967457247175276
351 249 0.007356074189249035
249 420 0.009362607977956731
420 351 0.01001771103649057
453 351 0.027447203934032785
351 420 0.01001771103649057
420 453 0.02744720393403279
343 382 0.010204835694000802
382 344 0.01436079996012799
344 343 0.006225440760737988
382 407 0.02290673186250691
407 344 0.019606166562236727
344 382 0.01436079996012799
300 283 0.004974697476884965
283 397 0.013630013449261364
397 300 0.01363001344926136
341 98 0.005779166192671341
98 353 0.008896718334866764
353 341 0.009702291721624108
379 321 0.011375699492788646
321 286 0.007340300534550397
286 379 0.009314122351377074
439 350 0.011270782784085396
350 328 0.007153037099973775
328 439 0.01553595585035405
276 152 0.006056227971243872
152 422 0.016034541638617266
422 276 0.016034541638617263
414 60 0.009676750054275094
60 406 0.013399772911846908
406 414 0.009676750054275146
392 356 0.010779863170647433
356 335 0.003934446456403996
335 392 0.01077986317064744
349 269 0.006558609861134364
269 356 0.003934446456404045
356 349 0.0055911636160292655
27 61 0.0027780000000000027
61 358 0.007611352758229964
358 27 0.007611352758229954
370 75 0.004662861822697709
75 13 0.0027780000000000027
13 370 0.004662861822697726
62 358 0.018059211041476085
358 61 0.007611352758229964
61 62 0.018133155765061935
64 58 0.027425148495495922
58 359 0.018059211041476085
359 64 0.016273022557864326
58 59 0.018133155765062012
59 359 0.007611352758229954
359 58 0.018059211041476085
394 339 0.010473878460607575
339 294 0.005466991848819711
294 394 0.011426841817192258
110 360 0.004840107906122043
360 415 0.013261255817635959
415 110 0.013261255817635962
274 271 0.0035627765419887123
271 376 0.009761536738597082
376 274 0.009761536738597086
274 376 0.009761536738597086
376 443 0.01255272692469926
443 274 0.008237792290696627
279 327 0.004876057622721227
327 371 0.006799149293484522
371 279 0.0036215083385813386
405 389 0.01712637386273215
389 469 0.02629907781955381
469 405 0.03163962445066835
340 88 0.010520475153332622
88 446 0.01809922829462247
446 340 0.01926191775315193
75 186 0.014804448708496344
186 429 0.015309912289184784
429 75 0.012585500489979572
303 450 0.014588581557353125
450 399 0.01458858155735311
399 303 0.00987674038660462
430 59 0.013967457247175305
59 58 0.018133155765062012
58 430 0.013967457247175276
428 354 0.018662875147231053
354 379 0.016466325746847102
379 428 0.026704714288975962
414 307 0.009676750054275084
307 60 0.004890664029316031
60 414 0.009676750054275094
44 454 0.03951126749316426
454 422 0.03304909108072103
422 44 0.016923410133656933
65 385 0.004090754973107109
385 367 0.010789131280637708
367 65 0.009437617077672296
411 372 0.03693468053195775
372 386 0.02509161919847981
386 411 0.025719688805178855
319 100 0.011283354073539526
100 442 0.014999331327639176
442 319 0.02164412076350039
368 476 0.03511869159183062
476 454 0.049772086246261664
454 368 0.03637800335087302
157 373 0.009041130287989172
373 93 0.009041130287989184
93 157 0.0035016478977760914
425 416 0.012902644451625993
416 80 0.017965938799602624
80 425 0.012902644451626026
13 164 0.011087090747802134
164 370 0.009713504481157003
370 13 0.004662861822697726
164 357 0.01095797900575762
357 370 0.004662861822697706
370 164 0.009713504481157003
371 327 0.006799149293484522
327 383 0.009529550118132286
383 371 0.006278841325896561
384 372 0.011805129435969789
372 367 0.02029962568458056
367 384 0.012053269114169185
475 109 0.04252804038920539
109 408 0.030212485171696862
408 475 0.030329141877452136
82 381 0.009048651419441691
381 348 0.010185675724655181
348 82 0.005915148895931969
90 111 0.003570999999999991
111 374 0.004524544984028755
374 90 0.0027777500450004732
380 375 0.011902372182403411
375 317 0.004612297514252568
317 380 0.009807239086459555
90 375 0.004184192557584849
375 394 0.01047387846060754
394 90 0.010473878460607555
449 58 0.04094549037057045
58 458 0.029788602425925313
458 449 0.03824102416837336
443 458 0.023746382443892607
458 361 0.023746382443892603
361 443 0.00952624824730283
445 297 0.012551823320339458
297 369 0.008020153679921581
369 445 0.016317013273686863
301 295 0.006863654718941264
295 395 0.010402440527501593
395 301 0.015201248528733929
287 423 0.010580488170402311
423 324 0.010580488170402327
324 287 0.005697524639148929
390 287 0.007675678922300284
287 320 0.003834215786885473
320 390 0.00912435674830482
268 409 0.00946453864699128
409 379 0.009464538646991316
379 268 0.011536285293999927
365 59 0.007611352758229954
59 430 0.013967457247175305
430 365 0.013967457247175331
340 380 0.01431228224599367
380 342 0.009807239086459554
342 340 0.007422795858590273
403 424 0.009792821047160082
424 363 0.01768413626798852
363 403 0.01213776703840258
7 425 0.012902644451626031
425 80 0.012902644451626026
80 7 0.005835051070899123
447 381 0.023072049225291463
381 416 0.03423204311100436
416 447 0.04356185866550494
315 134 0.008912742731523603
134 382 0.017435684022084643
382 315 0.010204835694000823
475 415 0.030329141877452167
415 436 0.015747310475551245
436 475 0.030329141877452188
452 448 0.029269454490854906
448 327 0.01911255492645853
327 452 0.028727468737032087
70 383 0.01300597687563439
383 449 0.03148193885514974
449 70 0.029162211637489225
385 384 0.005902564717984853
384 367 0.012053269114169185
367 385 0.010789131280637708
65 23 0.003302586864868183
23 385 0.005902564717984921
385 65 0.004090754973107109
308 386 0.02036871072409158
386 34 0.011412126676214792
34 308 0.0147352747548984
372 118 0.023610258871939547
118 386 0.011412126676214749
386 372 0.02509161919847981
432 35 0.01184931321027454
35 53 0.0076641850838820545
53 432 0.011849313210274548
287 390 0.007675678922300284
390 423 0.011100169351615348
423 287 0.010580488170402311
70 388 0.02057864448724591
388 136 0.008117475305703404
136 70 0.015439930992802432
58 449 0.04094549037057045
449 57 0.018693991254828367
57 58 0.03905261018165112
290 407 0.01189365488322775
407 293 0.011893654883227765
293 290 0.005150056508377551
394 456 0.021425890452907426
456 436 0.021425890452907412
436 394 0.018890101856023023
419 299 0.00968266485247078
299 120 0.005668688296102371
120 419 0.009682664852470794
391 440 0.012785945311088724
440 50 0.010732235662363218
50 391 0.007335717235219987
428 439 0.011270782784085403
439 328 0.01553595585035405
328 428 0.018662875147231042
299 419 0.00968266485247078
419 390 0.013066377571635361
390 299 0.007675678922300228
372 392 0.029530851584006527
392 367 0.016449141376574883
367 372 0.02029962568458056
411 33 0.00968217120276476
33 400 0.01340727978742783
400 411 0.00968217120276478
393 465 0.022956221769223115
465 445 0.022956221769223167
445 393 0.0207541484765738
434 377 0.018419015965240502
377 445 0.012551823320339462
445 434 0.01255182332033948
380 340 0.01431228224599367
340 446 0.01926191775315193
446 380 0.018397060841880065
408 110 0.030212485171696862
110 415 0.013261255817635962
415 408 0.0201427147814886
434 397 0.03153975877957043
397 301 0.01621247169434789
301 434 0.027189515086598896
434 395 0.018419015965240513
395 377 0.006722592944613107
377 434 0.018419015965240502
463 396 0.04560672013768409
396 466 0.033203648724754384
466 463 0.047768009640322365
382 348 0.023410486905748682
348 447 0.023072049225291463
447 382 0.02307204922529145
301 395 0.015201248528733929
395 434 0.018419015965240513
434 301 0.027189515086598896
421 346 0.017588776596137577
346 337 0.006419571255745246
337 421 0.017588776596137577
410 164 0.021915958011515236
164 398 0.013844458078201062
398 410 0.014771416408485198
398 164 0.013844458078201062
164 13 0.011087090747802134
13 398 0.017500681050768515
450 303 0.014588581557353125
303 364 0.020313822515411698
364 450 0.014588581557353134
474 473 0.05552073719683172
473 431 0.039012879301071196
431 474 0.029530573248389896
400 56 0.02018877311846995
56 448 0.0191125549264585
448 400 0.026338223078021056
33 411 0.00968217120276476
411 308 0.009682171202764765
308 33 0.004893403897119609
307 412 0.009676750054275084
412 28 0.009676750054275094
28 307 0.004890664029316031
401 441 0.020752073444654937
441 64 0.037210518187113226
64 401 0.0276628959195834
34 387 0.012395994352988696
387 402 0.011111090515478261
402 34 0.00988907177514716
402 387 0.011111090515478261
387 413 0.01590202404742619
413 402 0.008173188232130998
424 292 0.009792821047160085
292 329 0.006161886740310019
329 424 0.009792821047160078
363 296 0.008497093862458218
296 403 0.008318621753357234
403 363 0.01213776703840258
366 435 0.01129440578434652
435 414 0.020621050873384957
414 366 0.02717278889870359
44 124 0.03751061924642144
124 454 0.02948660834484584
454 44 0.03951126749316426
60 306 0.004890664029316031
306 406 0.013399772911846908
406 60 0.013399772911846908
329 1 0.004797060028304304
1 405 0.011974392729905008
405 329 0.012735901657606545
406 306 0.013399772911846908
306 365 0.017776270435912185
365 406 0.026490963361855236
475 447 0.08341003893171871
447 463 0.05088776327507212
463 475 0.09305581805498789
446 456 0.0275360940544956
456 380 0.021425890452907426
380 446 0.018397060841880065
453 409 0.030295359692961515
409 351 0.014109323872922361
351 453 0.027447203934032785
360 339 0.007431337753074765
339 436 0.015747310475551245
436 360 0.015747310475551245
379 409 0.009464538646991316
409 459 0.025931584714237368
459 379 0.025931584714237368
451 135 0.027311975719447306
135 410 0.02191595801151524
410 451 0.012624379219185917
418 451 0.021036333948715
451 304 0.009682171202765035
304 418 0.01593543449088292
452 411 0.015082078648271473
411 400 0.00968217120276478
400 452 0.015082078648271453
411 392 0.02619496412418601
392 372 0.029530851584006527
372 411 0.03693468053195775
27 435 0.011294405784346552
435 366 0.01129440578434652
366 27 0.007611352758229954
27 441 0.011382074794468636
441 435 0.011382074794468663
435 27 0.011294405784346552
457 419 0.03160158176029876
419 433 0.026341414569455955
433 457 0.01956728710006217
305 413 0.008173188232131005
413 444 0.019833333425299863
444 305 0.01983333342529985
379 459 0.025931584714237368
459 428 0.0280290868065948
428 379 0.026704714288975962
414 406 0.009676750054275146
406 460 0.026513015916597923
460 414 0.026513015916597923
360 436 0.015747310475551245
436 415 0.015747310475551245
415 360 0.013261255817635959
415 475 0.030329141877452167
475 408 0.030329141877452136
408 415 0.0201427147814886
463 416 0.03535154011351477
416 425 0.012902644451625993
425 463 0.035351540113514754
171 416 0.02445018800810102
416 381 0.03423204311100436
381 171 0.020854285488879777
426 7 0.012307735555967482
7 80 0.005835051070899123
80 426 0.011490707550696241
418 79 0.01533042718372845
79 462 0.019348728032056152
462 418 0.028893411736587493
451 12 0.009682171202765006
12 304 0.004893403897119619
304 451 0.009682171202765035
433 419 0.026341414569455955
419 38 0.00968266485247082
38 433 0.021464471324726377
391 350 0.00733571723521995
350 439 0.011270782784085396
439 391 0.01127078278408541
325 355 0.008552934938388296
355 420 0.015639960982935137
420 325 0.009362607977956783
355 422 0.016034541638617256
422 453 0.038433620806085124
453 355 0.032313063975127926
397 434 0.03153975877957043
434 464 0.042639329353652874
464 397 0.02928636563058179
10 399 0.022991304970995934
399 473 0.027282567421244883
473 10 0.0335179685376201
454 404 0.029486608344845854
404 368 0.015924263424115202
368 454 0.03637800335087302
471 460 0.044364098460962835
460 406 0.026513015916597923
406 471 0.025354856787006753
461 390 0.017952351873590816
390 419 0.013066377571635361
419 461 0.01795235187359079
432 387 0.01184931321027451
387 35 0.014159327583688356
35 432 0.01184931321027454
405 424 0.019936126376805592
424 329 0.009792821047160078
329 405 0.012735901657606545
469 389 0.02629907781955381
389 407 0.014924481066407052
407 469 0.0262990778195538
462 425 0.01934872803205616
425 7 0.012902644451626031
7 462 0.019348728032056145
425 462 0.01934872803205616
462 463 0.04192560077235774
463 425 0.035351540113514754
14 186 0.006577657566527796
186 427 0.010957979005757675
427 14 0.007402611339292704
80 143 0.011641493128031262
143 426 0.010957979005757675
426 80 0.011490707550696241
459 409 0.025931584714237368
409 453 0.030295359692961515
453 459 0.02643679579548878
471 365 0.02535485678700674
365 430 0.013967457247175331
430 471 0.025354856787006736
427 438 0.01497006483441208
438 14 0.014970064834412095
14 427 0.007402611339292704
450 429 0.023430027889716768
429 62 0.03889731223082768
62 450 0.03998806135161069
57 56 0.02016845519617203
56 444 0.019833333425299807
444 57 0.03266543204494018
471 459 0.06627304490660646
459 460 0.06592470292085326
460 471 0.044364098460962835
414 460 0.026513015916597923
460 474 0.029530573248389844
474 414 0.03419266650930919
78 10 0.009907219842115197
10 455 0.02714447266798921
455 78 0.02714447266798922
378 423 0.010580488170402342
423 432 0.022509393370556536
432 378 0.017876735581248655
423 461 0.01795235187359083
461 468 0.024566693364079645
468 423 0.02924781540847277
377 297 0.008512735557400444
297 445 0.012551823320339458
445 377 0.012551823320339462
391 439 0.01127078278408541
439 457 0.01996963452180902
457 391 0.019567287100062183
78 455 0.02714447266798922
455 466 0.033487676163927914
466 78 0.03320364872475438
412 307 0.009676750054275084
307 435 0.012970879377630563
435 412 0.011294405784346526
414 435 0.020621050873384957
435 307 0.012970879377630563
307 414 0.009676750054275084
456 394 0.021425890452907426
394 380 0.010779068255186453
380 456 0.021425890452907426
469 382 0.04494185912811373
382 447 0.02307204922529145
447 469 0.05890442147392757
353 437 0.018795121441227327
437 341 0.01190094707683851
341 353 0.009702291721624108
464 437 0.029286365630581807
437 397 0.022444853018325654
397 464 0.02928636563058179
64 477 0.04253672544864693
477 472 0.022736443948022374
472 64 0.04134657663277576
62 438 0.03755756690862601
438 25 0.03114131868392965
25 62 0.02311618534706797
439 467 0.022297037028071
467 457 0.022297037028071003
457 439 0.01996963452180902
433 440 0.010732235662363159
440 457 0.01956728710006218
457 433 0.01956728710006217
358 25 0.012238537098593785
25 441 0.017073212568865466
441 358 0.011382074794468622
457 440 0.01956728710006218
440 391 0.012785945311088724
391 457 0.019567287100062183
441 25 0.017073212568865466
25 64 0.04200896338878167
64 441 0.037210518187113226
421 442 0.026122681565781843
442 346 0.014999331327639174
346 421 0.017588776596137577
319 442 0.02164412076350039
442 368 0.02386418791586196
368 319 0.009320921084141353
458 64 0.023746382443892638
64 72 0.03998942761530852
72 458 0.024552990203424843
387 468 0.024566693364079628
468 413 0.02945661077878862
413 387 0.01590202404742619
470 468 0.0612060084870759
468 467 0.05171389502894879
467 470 0.07555335841478474
369 393 0.00806560402247424
393 445 0.0207541484765738
445 369 0.016317013273686863
465 393 0.022956221769223115
393 373 0.011788773278133425
373 465 0.022956221769223094
363 424 0.01768413626798852
424 446 0.02905438993678934
446 363 0.018099228294622436
469 424 0.026299077819553835
424 405 0.019936126376805592
405 469 0.03163962445066835
447 416 0.04356185866550494
416 463 0.03535154011351477
463 447 0.05088776327507212
475 463 0.09305581805498789
463 478 0.04618193991712959
478 475 0.07642118285090327
56 57 0.02016845519617203
57 448 0.025378745895447943
448 56 0.0191125549264585
448 57 0.025378745895447943
57 449 0.018693991254828367
449 448 0.026011959407751063
376 388 0.01038471498950882
388 449 0.018693991254828363
449 376 0.018693991254828353
449 388 0.018693991254828363
388 70 0.02057864448724591
70 449 0.029162211637489225
429 450 0.023430027889716768
450 364 0.014588581557353134
364 429 0.012585500489979586
473 455 0.02728256742124493
455 10 0.02714447266798921
10 473 0.0335179685376201
410 398 0.014771416408485198
398 451 0.00968217120276495
451 410 0.012624379219185917
452 400 0.015082078648271453
400 448 0.026338223078021056
448 452 0.029269454490854906
349 392 0.01116242310338891
392 452 0.015082078648271463
452 349 0.019662610969548622
355 453 0.032313063975127926
453 420 0.02744720393403279
420 355 0.015639960982935137
453 422 0.038433620806085124
422 454 0.03304909108072103
454 453 0.060618466688840036
368 442 0.02386418791586196
442 476 0.03511869159183062
476 368 0.03511869159183062
414 474 0.03419266650930919
474 366 0.029530573248389886
366 414 0.02717278889870359
431 366 0.013967457247175375
366 474 0.029530573248389886
474 431 0.029530573248389896
421 437 0.01190094707683859
437 464 0.029286365630581807
464 421 0.029286365630581818
469 446 0.037890725788495415
446 424 0.02905438993678934
424 469 0.026299077819553835
469 447 0.05890442147392757
447 475 0.08341003893171871
475 469 0.06616339331781963
467 439 0.022297037028071
439 428 0.011270782784085403
428 467 0.022297037028070992
461 423 0.01795235187359083
423 390 0.011100169351615348
390 461 0.017952351873590816
443 376 0.01255272692469926
376 458 0.02666308313772542
458 443 0.023746382443892607
458 376 0.02666308313772542
376 449 0.018693991254828353
449 458 0.03824102416837336
460 459 0.06592470292085326
459 453 0.02643679579548878
453 460 0.05897718248163462
406 365 0.026490963361855236
365 471 0.02535485678700674
471 406 0.025354856787006753
453 454 0.060618466688840036
454 460 0.07822071198041879
460 453 0.05897718248163462
476 474 0.08596577910833658
474 454 0.08315742475531922
454 476 0.049772086246261664
467 461 0.043605134086061294
461 457 0.032250026816084104
457 467 0.022297037028071003
468 387 0.024566693364079628
387 432 0.01184931321027451
432 468 0.024566693364079642
417 462 0.02794092414158728
462 7 0.019348728032056145
7 417 0.01640192780018558
396 462 0.02336158351129112
462 79 0.019348728032056152
79 396 0.012118704662273267
396 78 0.012118704662273251
78 466 0.03320364872475438
466 396 0.033203648724754384
434 445 0.01255182332033948
445 465 0.022956221769223167
465 434 0.030175759347615412
434 465 0.030175759347615412
465 478 0.04618193991712961
478 434 0.046181939917129614
464 466 0.0654558388192579
466 476 0.08278205831840361
476 464 0.04780873868087015
109 475 0.04252804038920539
475 373 0.05008795437642443
373 109 0.019357447840156947
475 478 0.07642118285090327
478 465 0.04618193991712961
465 475 0.04975476693732091
476 466 0.08278205831840361
466 455 0.033487676163927914
455 476 0.0838433600023924
478 464 0.05372279519877999
464 434 0.042639329353652874
434 478 0.046181939917129614
459 467 0.03870844627463606
467 428 0.022297037028070992
428 459 0.0280290868065948
471 470 0.038488339888467865
470 467 0.07555335841478474
467 471 0.06563749443312938
467 468 0.05171389502894879
468 461 0.024566693364079645
461 467 0.043605134086061294
413 468 0.02945661077878862
468 444 0.030996932592129198
444 413 0.019833333425299863
469 407 0.0262990778195538
407 382 0.02290673186250691
382 469 0.04494185912811373
446 469 0.037890725788495415
469 456 0.033664730924616956
456 446 0.0275360940544956
57 444 0.03266543204494018
444 470 0.03963721280911486
470 57 0.025028835550172907
470 444 0.03963721280911486
444 468 0.030996932592129198
468 470 0.0612060084870759
470 471 0.038488339888467865
471 430 0.025354856787006736
430 470 0.025028835550172848
459 471 0.06627304490660646
471 467 0.06563749443312938
467 459 0.03870844627463606
72 64 0.03998942761530852
64 472 0.04134657663277576
472 72 0.034767877333107385
477 438 0.022736443948022357
438 73 0.014970064834412058
73 477 0.02273644394802235
450 62 0.03998806135161069
62 473 0.03513654180337432
473 450 0.027282567421244873
431 473 0.039012879301071196
473 62 0.03513654180337432
62 431 0.013967457247175312
454 474 0.08315742475531922
474 460 0.029530573248389844
460 454 0.07822071198041879
473 474 0.05552073719683172
474 455 0.06764049182946916
455 473 0.02728256742124493
436 456 0.021425890452907412
456 475 0.042808742543549626
475 436 0.030329141877452188
475 456 0.042808742543549626
456 469 0.033664730924616956
469 475 0.06616339331781963
464 476 0.04780873868087015
476 421 0.03511869159183059
421 464 0.029286365630581818
474 476 0.08596577910833658
476 455 0.0838433600023924
455 474 0.06764049182946916
25 438 0.03114131868392965
438 477 0.022736443948022357
477 25 0.025890902843410394
463 466 0.047768009640322365
466 478 0.04997485740582607
478 463 0.04618193991712959
464 478 0.05372279519877999
478 466 0.04997485740582607
466 464 0.0654558388192579
