0.491071 0.744444
0.476786 0.727778
0.467857 0.705556
0.4625 0.688889
0.458929 0.666667
0.453571 0.636111
0.457143 0.597222
0.4625 0.580556
0.483929 0.55
0.492857 0.541667
0.492857 0.533333
0.476786 0.525
0.467857 0.519444
0.453571 0.497222
0.448214 0.477778
0.442857 0.461111
0.439286 0.391667
0.444643 0.358333
0.448214 0.330556
0.453571 0.311111
0.457143 0.294444
0.4625 0.277778
0.466071 0.261111
0.473214 0.252778
0.476786 0.405556
0.482143 0.447222
0.494643 0.466667
0.501786 0.447222
0.514286 0.422222
0.5 0.402778
0.492857 0.383333
0.489286 0.344444
0.494643 0.325
0.507143 0.3
0.519643 0.286111
0.532143 0.280556
0.564286 0.277778
0.580357 0.283333
0.592857 0.297222
0.619643 0.341667
0.628571 0.361111
0.633929 0.380556
0.639286 0.397222
0.642857 0.416667
0.648214 0.441667
0.644643 0.425
0.641071 0.402778
0.635714 0.386111
0.630357 0.369444
0.623214 0.352778
0.616071 0.333333
0.582143 0.286111
0.571429 0.280556
0.539286 0.277778
0.523214 0.283333
0.508929 0.3
0.494643 0.325
0.489286 0.344444
0.492857 0.383333
0.5 0.4
0.516071 0.422222
0.501786 0.45
0.494643 0.466667
0.482143 0.447222
0.476786 0.405556
0.475 0.255556
0.466071 0.263889
0.4625 0.277778
0.457143 0.294444
0.453571 0.311111
0.448214 0.330556
0.444643 0.358333
0.439286 0.391667
0.442857 0.461111
0.448214 0.477778
0.453571 0.494444
0.469643 0.519444
0.482143 0.527778
0.498214 0.541667
0.483929 0.55
0.460714 0.586111
0.457143 0.602778
0.455357 0.638889
0.458929 0.675
0.464286 0.691667
0.467857 0.705556
0.480357 0.730556
0.494643 0.744444
0.526786 0.747222
0.541071 0.741667
0.551786 0.730556
0.5625 0.722222
0.601786 0.666667
0.610714 0.644444
0.619643 0.625
0.623214 0.611111
0.628571 0.597222
0.632143 0.583333
0.6375 0.566667
0.641071 0.541667
0.646429 0.516667
0.646429 0.502778
0.642857 0.538889
0.6375 0.561111
0.633929 0.580556
0.628571 0.594444
0.625 0.611111
0.619643 0.625
0.614286 0.641667
0.601786 0.666667
0.567857 0.716667
0.555357 0.730556
0.542857 0.738889
0.532143 0.747222
0.491071 0.744444
0.44375 0.36111150000000003
0.4526785 0.3125
0.461607 0.2777775
0.51875 0.265278
0.5723214999999999 0.2805555
0.586607 0.29027749999999997
0.622321 0.34722200000000003
0.634821 0.3819445
0.6446425 0.4222225
0.6473215 0.479167
0.6401785 0.552778
0.6294645 0.5958334999999999
0.6196429999999999 0.626389
0.608036 0.6541669999999999
0.561607 0.7236115000000001
0.548214 0.7361115
0.5089285 0.7458330000000001
0.4839285 0.736111
0.46517850000000005 0.6972225
0.45625 0.6555555
0.448214 0.548611
0.445982 0.34583375000000005
0.6191960000000001 0.3402775
0.631696 0.37152775000000005
0.64285675 0.41250025
0.64151775 0.5458335
0.6316967499999999 0.58819475
0.4575895 0.66527775
0.4508925 0.5923609999999999
0.6301335 0.366319375
0.45491075000000003 0.30347199999999996
0.463839 0.26944425
0.5415179999999999 0.271528
0.5683037499999999 0.27916675
0.5834820000000001 0.28680525
0.6254460000000001 0.35416650000000005
0.6379459999999999 0.39236125
0.64642825 0.43194475
0.64687525 0.497917
0.63883925 0.5597225
0.62723225 0.6034722499999999
0.6223215 0.6187499999999999
0.6111610000000001 0.647917
0.5647319999999999 0.7201392500000001
0.5446424999999999 0.73888925
0.49999974999999997 0.7451385
0.48035724999999996 0.7319445
0.46383925000000004 0.69305575
0.4549105 0.6458332499999999
0.44553550000000003 0.504861
0.444866 0.35347262500000004
0.6207585 0.34374975
0.6332585 0.37673612500000003
0.643749625 0.41736137500000003
0.642187375 0.5423612499999999
0.6328128749999999 0.584375375
0.45223175 0.614236
0.6309147500000001 0.3689235625
0.453794625 0.307986
0.464955 0.26527762499999996
0.5703126249999999 0.27986112500000004
0.5819195 0.28506912500000003
0.6363835 0.387152875
0.6395084999999999 0.39756962500000004
0.645535375 0.42708362499999997
0.646652125 0.507292
0.6283483750000001 0.5996528749999999
0.62098225 0.6225695
0.5631694999999999 0.7218753750000001
0.495535375 0.74479125
0.45424075 0.640972125
0.44419625 0.482986
0.444308 0.3572920625
0.61997725 0.342013625
0.6340397499999999 0.3793403125
0.4532365625 0.310243
0.465513 0.26319431249999997
0.5713170624999999 0.2802083125
0.63560225 0.38454868750000004
0.6387272499999999 0.3949654375
0.6450889375000001 0.4246530625
0.6467636875 0.5026045
0.6289064375 0.5977431874999999
0.620312625 0.62447925
0.5623882499999999 0.7227434375000001
0.4933031875 0.7446176250000001
0.444029 0.35920178125
0.6195866250000001 0.3411455625
0.634430375 0.38064240625
0.635992875 0.38585078125000005
0.639117875 0.39626753125
0.49441928125 0.7447044375
0.6197819375000001 0.34157959375
0.6393131875 0.39691857812500003
0.6394108437499999 0.3972441015625
0.6393096854532014 0.397451858847825
0.6198795937500001 0.341796609375
0.6195784185266614 0.3414102159693997
0.64028975 0.40017381250000006
0.6195806143020789 0.34206162934321716
0.6386786354318453 0.39740073469197457
0.6188695826688158 0.3412557821537517
0.6191541899237696 0.341653423113536
0.4939095209985543 0.7440402404795747
0.494977328125 0.74474784375
0.5718192812499999 0.28038190625000003
0.6361881875 0.386501828125
0.6467079062500001 0.50494825
0.5706098183016564 0.28062787158174257
0.64681946875 0.50026075
0.6352717336154473 0.38535748177838663
0.6199062301076326 0.34308942603965703
0.646735796875 0.5037763749999999
0.6467497421875 0.5031904375
0.49531288232996 0.7440427663279034
0.5718755170788795 0.28103248580001383
0.6340292024829598 0.38147239719855947
0.5610394459684366 0.7221816800219123
0.64531215625 0.42586834375
0.6439313680902606 0.42362523856269274
0.6179406976719616 0.34222129441025056
0.6459710900057258 0.5034650402772926
0.6274051787656022 0.5983408632183133
0.62918546875 0.5967883437499999
0.6398991249999999 0.39887171875000005
0.6352707395546029 0.3871318803848886
0.57633925 0.28194425
0.6187915769394106 0.3424590503448072
0.6390918473336473 0.39804632025316106
0.6313053750000001 0.37022565625000003
0.6294724672308947 0.3679369635567732
0.49744043803985494 0.7438176443125186
0.5619009911711558 0.7202451489903392
0.6281448952613441 0.5959660678185171
0.6371461249960682 0.39883666201707896
0.4670888200289819 0.2625
0.462723 0.27361087500000003
0.45937500000000003 0.28611074999999997
0.6199778125 0.625434125
0.6191913506451838 0.6256944999999999
0.45574205074422847 0.3097760725760645
0.45295753125 0.3113715
0.45364612077938493 0.31214050606234783
0.6185749854964063 0.622935749757981
0.4923087849125264 0.7429663057074775
0.5688382229511579 0.2808735775116002
0.6331533229249496 0.3838414393593037
0.6177256563738363 0.34463232103461106
0.462165 0.2756941875
0.460491 0.281944125
0.6169644999999999 0.634028
0.618099360481177 0.6244902446394638
0.634293789789887 0.38448591145579436
0.6315104565249039 0.3812841299462278
0.4620521832263257 0.2801295077822919
0.6414327642510889 0.4194187932687622
0.44727963871157644 0.35691008853045325
0.6433031874999999 0.4149308125
0.5792245857957383 0.286192139956175
0.44667637407146615 0.3604214199676915
0.646128959237041 0.5017896491113485
0.6430629441712988 0.42690961207547534
0.61652525399601 0.3399299666647893
0.6357705632472807 0.39013999728214016
0.4553072295517269 0.3115018049010598
0.45044625 0.32152800000000004
0.6193765738634773 0.344653212882529
0.6404963128888697 0.5438358216424211
0.6298079643267359 0.5855700270773498
0.6333709375 0.5824656875
0.6371380090061929 0.3961518461402481
0.6294704791092065 0.3714857607697769
0.5701912141518355 0.2841192955775435
0.6322695929658536 0.38673662942672377
0.46316962500000003 0.690972375
0.4650313506595776 0.689224690324692
0.47857162499999994 0.72986125
0.4840975480331061 0.731249576535284
0.467803721497822 0.6935648564476341
0.557471489761867 0.7244255004698629
0.6253143114955025 0.6008390078291062
0.494616213462218 0.7412569484567372
0.6141495831727718 0.6224317305353553
0.6421477567136263 0.4218393926001725
0.580942288483447 0.2900652020193226
0.6312889154868973 0.5808208799278353
0.6242577117456658 0.5940571678819023
0.45825925 0.670138875
0.46875 0.5146327680683275
0.46875 0.5242552319316726
0.5080359999999999 0.30481123193167253
0.5151785 0.4174134619271918
0.5151785 0.42703053807280816
0.5080359999999999 0.29518876806832745
0.5428567499999999 0.740278125
0.5408832978304651 0.7395832073164905
0.638169625 0.5631947500000001
0.62366075 0.6149304999999999
0.6305806249999999 0.592014125
0.6241070000000001 0.6067045041646211
0.46200169342725433 0.6623639510512455
0.6344292019668938 0.5568089995159615
0.5437504234647161 0.7340792399977598
0.46925375976546413 0.26758965899257936
0.6426793366923209 0.5060249088414022
0.573383440964961 0.2819954079454018
0.6254454283429639 0.36534744029372723
0.4696425 0.2569445
0.48749974999999995 0.7402774999999999
0.5654186786145716 0.28100727186952607
0.6384030496630062 0.41459694009797715
0.6423555755697659 0.49916506438329344
0.46017351946910706 0.3118102856623759
0.6185006693879431 0.34862909403887654
0.4811689051804634 0.7258281469044511
0.457924375 0.6677083125000001
0.4599593232319648 0.6686662941922364
0.46876207837218736 0.2647935314334586
0.46901533928175276 0.2600208861141918
0.642950015572603 0.5023352361673395
0.46726343522599256 0.2759433816894343
0.6183037499999999 0.6302085
0.6356255678928138 0.5475862682373728
0.6305226466087758 0.3747183138263567
0.5565699932133634 0.7190333484089416
0.5353637055233588 0.7411307468114986
0.632432310399944 0.5638890000000001
0.5407343288765168 0.7360068515006225
0.46260043222297254 0.6660400836091749
0.4615049888389385 0.6721683881428803
0.6175462903413226 0.627258429618035
0.6349411570378732 0.5412032848526827
0.6238835 0.35069425000000004
0.4599075617145715 0.6426680705924767
0.4661599142904306 0.28524242366420866
0.6139828040923305 0.34308339003268395
0.6299095519522669 0.39751611740993176
0.46466997768662643 0.6822377437493446
0.6318954086018694 0.5735764248957461
0.6205895769668938 0.35948494298515876
0.6352695075164747 0.42255518171759476
0.4659579003872924 0.27965491071441173
0.444865875 0.4939235
0.4943024600749234 0.448611
0.49251646007492345 0.401389
0.5631434906068927 0.7155672392332898
0.44151799999999997 0.37638925
0.45156237499999996 0.317014
0.5022782928221347 0.7375836469458665
0.46105453992507656 0.49583299999999997
0.5074835399250766 0.401389
0.5092695399250765 0.448611
0.47654029207972826 0.2648670749333199
0.6341128002093197 0.5023514877462648
0.6121844649014041 0.6302074089770796
0.449119824944178 0.49583299999999997
0.4541307363203055 0.31492688684501874
0.49598200000000003 0.25902800000000004
0.6021400816349902 0.647312790817495
0.5517855 0.73333375
0.5478387900273033 0.7319441645401004
0.45643703770928545 0.3602908640473633
0.6152007804648091 0.6139841479862799
0.556153136656269 0.2824439122610508
0.6212885211531441 0.3759364280435292
0.5370496628366677 0.7269181126071477
0.4619475399250767 0.6326887680683273
0.47220404510270114 0.6625890995179534
0.4566663277979916 0.3206709815738748
0.48459800000000003 0.255903
0.47890600000000005 0.2543405
0.5145603046271292 0.27589322905812763
0.5289120399250765 0.29434177000448103
0.45248999494088604 0.3506854926959915
0.4722690426893976 0.6995407064746443
0.5733393831954409 0.2911196583246538
0.6097652248872619 0.33708132597070695
0.47660900317075305 0.28131607279983195
0.6077482670965342 0.6369434402480447
0.5464075640153675 0.7215685333732587
0.6174511422782114 0.6076493924576314
0.4955355 0.553485994899796
0.6177549077601442 0.5792059800921693
0.4553427202125721 0.5146327680683275
0.47860470514319964 0.5152921520270203
0.4946287202125721 0.30481123193167237
0.5017787270881531 0.4174134619271918
0.5179032190120454 0.29584582936100906
0.4907088223230866 0.7339131236793296
0.6418195837937495 0.48841636476929123
0.4723215 0.7166669999999999
0.5285782729118469 0.4174134619271918
0.47620307653740723 0.68514405711501
0.5848215 0.691667
0.6229210960161174 0.3852590988581177
0.44687475 0.526736
0.4983788812142584 0.29588482550685175
0.5055267883356389 0.42633487036409284
0.5161499217929811 0.30382874579170444
0.5248302116643611 0.42633487036409284
0.5684628455934784 0.7034195905559749
0.47211007985015313 0.6000000000000001
0.44955325 0.5704859999999999
0.4725450847254303 0.53973216329225
0.5834279029095274 0.2994233919922893
0.632773806394597 0.4071156268192827
0.6180885060936989 0.546238482793445
0.6316543845825551 0.4381768785439065
0.5622392335420572 0.29109874643744166
0.4908117501628404 0.7241208435607104
0.47357224498992617 0.5871804716565271
0.45022287499999997 0.5814234999999999
0.443526625 0.4720485
0.6020407060990806 0.35742525895834176
0.459501984742301 0.4833436287192784
0.5061942603347648 0.38748117414224365
0.5079802603347648 0.4625188258577564
0.5397786588303355 0.2896170671436596
0.604464 0.3152775
0.5992610240373705 0.6047546131029982
0.507468361439801 0.43746114089390986
0.5527193040223832 0.7037640989195962
0.6225374437356386 0.5572765757077054
0.45709716256659044 0.46572842473935167
0.6031542666824606 0.3462096213307622
0.6102675 0.32430525
0.4960866544772893 0.4373696354493129
0.6348522374839694 0.5262042170953442
0.44707216524785653 0.3686496987165765
0.5144259364079145 0.3235870096109572
0.6029574403877407 0.6167498110934331
0.5190769459415566 0.7308466358701597
0.4829745592974392 0.6421852891033466
0.47562991557715345 0.32305259748726595
0.4710742044449424 0.3486625082311623
0.474593805954309 0.5012657697581635
0.4590928812142582 0.5235591744931484
0.483334761456935 0.294815453223707
0.6054819556579439 0.41003176933374147
0.6196540586238052 0.46897029664170053
0.5179861197752298 0.5230689980638462
0.5314369970331599 0.7062404250121064
0.5915371621650075 0.3299668018228936
0.4631956184594947 0.38608314174151354
0.596990849171629 0.3849956897171075
0.5507372574880549 0.4319709141611904
0.5677571443275725 0.30818205988525715
0.47740168733020566 0.5682144850536385
0.5073751624844856 0.5975291023511385
0.5937165539918106 0.5624772993325707
0.5854289611495134 0.631573458873679
0.5287134541781495 0.5547919984179748
0.5811299017894089 0.34968600037926667
0.5438517547113714 0.31384375310746
0.498562349603867 0.6989897929964441
0.5066636802411213 0.36245674100282743
0.5311089303026605 0.39218521315998756
0.4410715 0.426389
0.5018755288975577 0.5010511110928618
0.5371952974678289 0.4582134383383559
0.5599503047699499 0.6743095665822578
0.6014688817972426 0.5153012788576212
0.4565990786299758 0.44299743717185586
0.553552838719416 0.5981566308774312
