0.75705 0.454545
0.754881 0.452431
0.750542 0.452431
0.748373 0.450317
0.746204 0.450317
0.737527 0.44186
0.737527 0.439746
0.735358 0.437632
0.735358 0.435518
0.733189 0.433404
0.733189 0.43129
0.73102 0.429175
0.73102 0.424947
0.72885 0.422833
0.72885 0.418605
0.726681 0.41649
0.726681 0.412262
0.724512 0.410148
0.724512 0.403805
0.722343 0.401691
0.722343 0.393235
0.720174 0.391121
0.720174 0.382664
0.718004 0.38055
0.718004 0.374207
0.715835 0.372093
0.715835 0.367865
0.713666 0.365751
0.713666 0.361522
0.711497 0.359408
0.711497 0.35518
0.707158 0.350951
0.707158 0.348837
0.704989 0.346723
0.704989 0.344609
0.70282 0.342495
0.70282 0.340381
0.700651 0.338266
0.700651 0.336152
0.678959 0.315011
0.67679 0.315011
0.67462 0.312896
0.672451 0.312896
0.670282 0.310782
0.668113 0.310782
0.665944 0.308668
0.663774 0.308668
0.661605 0.306554
0.655098 0.306554
0.652928 0.30444
0.618221 0.30444
0.616052 0.306554
0.607375 0.306554
0.605206 0.308668
0.600868 0.308668
0.598698 0.310782
0.596529 0.310782
0.59436 0.312896
0.590022 0.312896
0.587852 0.315011
0.585683 0.315011
0.581345 0.319239
0.579176 0.319239
0.574837 0.323467
0.572668 0.323467
0.559653 0.336152
0.559653 0.338266
0.553145 0.344609
0.553145 0.346723
0.546638 0.353066
0.546638 0.35518
0.544469 0.357294
0.544469 0.359408
0.54013 0.363636
0.54013 0.365751
0.535792 0.369979
0.535792 0.372093
0.533623 0.374207
0.533623 0.376321
0.527115 0.382664
0.527115 0.384778
0.522777 0.389006
0.522777 0.391121
0.511931 0.401691
0.511931 0.403805
0.509761 0.403805
0.496746 0.41649
0.494577 0.41649
0.488069 0.422833
0.4859 0.422833
0.483731 0.424947
0.481562 0.424947
0.477223 0.429175
0.475054 0.429175
0.472885 0.43129
0.468547 0.43129
0.466377 0.433404
0.462039 0.433404
0.45987 0.435518
0.457701 0.435518
0.455531 0.437632
0.451193 0.437632
0.449024 0.439746
0.438178 0.439746
0.436009 0.44186
0.420824 0.44186
0.418655 0.439746
0.412148 0.439746
0.409978 0.437632
0.40564 0.437632
0.403471 0.435518
0.401302 0.435518
0.388286 0.422833
0.388286 0.420719
0.386117 0.418605
0.386117 0.414376
0.383948 0.412262
0.383948 0.408034
0.381779 0.40592
0.381779 0.403805
0.37961 0.401691
0.37961 0.393235
0.37744 0.391121
0.37744 0.384778
0.375271 0.382664
0.375271 0.374207
0.373102 0.372093
0.373102 0.369979
0.370933 0.367865
0.370933 0.365751
0.368764 0.363636
0.368764 0.361522
0.364425 0.357294
0.364425 0.35518
0.353579 0.344609
0.35141 0.344609
0.347072 0.340381
0.344902 0.340381
0.342733 0.338266
0.340564 0.338266
0.338395 0.336152
0.336226 0.336152
0.334056 0.334038
0.327549 0.334038
0.32538 0.331924
0.284165 0.331924
0.281996 0.334038
0.275488 0.334038
0.273319 0.336152
0.26898 0.336152
0.266811 0.338266
0.262473 0.338266
0.260304 0.340381
0.255965 0.340381
0.253796 0.342495
0.249458 0.342495
0.245119 0.346723
0.240781 0.346723
0.238612 0.348837
0.236443 0.348837
0.234273 0.350951
0.232104 0.350951
0.229935 0.353066
0.227766 0.353066
0.223427 0.357294
0.221258 0.357294
0.219089 0.359408
0.21692 0.359408
0.214751 0.361522
0.212581 0.361522
0.208243 0.365751
0.206074 0.365751
0.201735 0.369979
0.199566 0.369979
0.197397 0.372093
0.195228 0.372093
0.190889 0.376321
0.18872 0.376321
0.186551 0.378436
0.184382 0.378436
0.180043 0.382664
0.177874 0.382664
0.175705 0.384778
0.173536 0.384778
0.171367 0.386892
0.167028 0.386892
0.164859 0.389006
0.16269 0.389006
0.160521 0.391121
0.158351 0.391121
0.156182 0.393235
0.149675 0.393235
0.147505 0.395349
0.119306 0.395349
0.117137 0.393235
0.114967 0.393235
0.112798 0.391121
0.10846 0.391121
0.106291 0.389006
0.104121 0.389006
0.0997831 0.384778
0.0976139 0.384778
0.0802603 0.367865
0.0802603 0.365751
0.0715835 0.357294
0.0715835 0.35518
0.0672451 0.350951
0.0672451 0.348837
0.0629067 0.344609
0.0629067 0.342495
0.0607375 0.340381
0.0607375 0.338266
0.0563991 0.334038
0.0563991 0.331924
0.0542299 0.32981
0.0542299 0.327696
0.0520607 0.325581
0.0520607 0.323467
0.0498915 0.321353
0.0498915 0.317125
0.0455531 0.312896
0.0455531 0.310782
0.0433839 0.308668
0.0433839 0.302326
0.0412148 0.300211
0.0412148 0.298097
0.0390456 0.295983
0.0390456 0.287526
0.0368764 0.285412
0.0368764 0.0422833
0.0390456 0.0401691
0.0390456 0.0317125
0.0412148 0.0295983
0.0412148 0.0274841
0.0455531 0.0232558
0.0498915 0.0232558
0.0520607 0.0211416
0.941432 0.0211416
0.943601 0.0232558
0.94577 0.0232558
0.947939 0.02537
0.950108 0.02537
0.950108 0.0274841
0.954447 0.0317125
0.954447 0.397463
0.952278 0.399577
0.952278 0.403805
0.950108 0.40592
0.950108 0.408034
0.939262 0.418605
0.937093 0.418605
0.934924 0.420719
0.928416 0.420719
0.926247 0.422833
0.91974 0.422833
0.91757 0.420719
0.911063 0.420719
0.908894 0.418605
0.906725 0.418605
0.904555 0.41649
0.902386 0.41649
0.900217 0.414376
0.898048 0.414376
0.895879 0.412262
0.893709 0.412262
0.89154 0.410148
0.889371 0.410148
0.887202 0.408034
0.872017 0.408034
0.869848 0.410148
0.86551 0.410148
0.863341 0.412262
0.861171 0.412262
0.859002 0.414376
0.856833 0.414376
0.854664 0.41649
0.852495 0.41649
0.850325 0.418605
0.848156 0.418605
0.843818 0.422833
0.841649 0.422833
0.839479 0.424947
0.83731 0.424947
0.832972 0.429175
0.830803 0.429175
0.828633 0.43129
0.826464 0.43129
0.824295 0.433404
0.822126 0.433404
0.817787 0.437632
0.815618 0.437632
0.81128 0.44186
0.809111 0.44186
0.806941 0.443975
0.804772 0.443975
0.802603 0.446089
0.800434 0.446089
0.798265 0.448203
0.793926 0.448203
0.791757 0.450317
0.789588 0.450317
0.787419 0.452431
0.78308 0.452431
0.780911 0.454545
