0.0498915 0.983087
0.941432 0.983087
0.94577 0.978858
0.947939 0.978858
0.952278 0.97463
0.952278 0.972516
0.954447 0.970402
0.954447 0.735729
0.952278 0.733615
0.952278 0.729387
0.950108 0.727273
0.950108 0.725159
0.947939 0.723044
0.947939 0.72093
0.94577 0.718816
0.94577 0.716702
0.941432 0.712474
0.941432 0.710359
0.932755 0.701903
0.930586 0.701903
0.926247 0.697674
0.91974 0.697674
0.91757 0.69556
0.915401 0.69556
0.913232 0.697674
0.904555 0.697674
0.902386 0.699789
0.900217 0.699789
0.898048 0.701903
0.895879 0.701903
0.89154 0.706131
0.889371 0.706131
0.882863 0.712474
0.880694 0.712474
0.872017 0.72093
0.869848 0.72093
0.863341 0.727273
0.861171 0.727273
0.859002 0.729387
0.856833 0.729387
0.852495 0.733615
0.850325 0.733615
0.848156 0.735729
0.845987 0.735729
0.843818 0.737844
0.839479 0.737844
0.83731 0.739958
0.832972 0.739958
0.830803 0.742072
0.809111 0.742072
0.804772 0.737844
0.804772 0.735729
0.802603 0.733615
0.802603 0.731501
0.798265 0.727273
0.798265 0.725159
0.796095 0.723044
0.796095 0.72093
0.793926 0.718816
0.793926 0.716702
0.791757 0.714588
0.791757 0.712474
0.787419 0.708245
0.787419 0.706131
0.778742 0.697674
0.778742 0.69556
0.772234 0.689218
0.770065 0.689218
0.761388 0.680761
0.759219 0.680761
0.75705 0.678647
0.754881 0.678647
0.750542 0.674419
0.748373 0.674419
0.746204 0.672304
0.744035 0.672304
0.741866 0.67019
0.739696 0.67019
0.737527 0.668076
0.735358 0.668076
0.733189 0.665962
0.72885 0.665962
0.726681 0.663848
0.724512 0.663848
0.722343 0.661734
0.718004 0.661734
0.715835 0.659619
0.709328 0.659619
0.707158 0.657505
0.70282 0.657505
0.700651 0.655391
0.694143 0.655391
0.691974 0.653277
0.685466 0.653277
0.683297 0.651163
0.67462 0.651163
0.672451 0.649049
0.635575 0.649049
0.633406 0.651163
0.629067 0.651163
0.626898 0.653277
0.624729 0.653277
0.62039 0.657505
0.618221 0.657505
0.605206 0.67019
0.605206 0.672304
0.603037 0.674419
0.603037 0.676533
0.600868 0.678647
0.600868 0.680761
0.598698 0.682875
0.598698 0.684989
0.596529 0.687104
0.596529 0.689218
0.59436 0.691332
0.59436 0.69556
0.592191 0.697674
0.592191 0.701903
0.590022 0.704017
0.590022 0.708245
0.587852 0.710359
0.587852 0.714588
0.583514 0.714588
0.581345 0.712474
0.579176 0.712474
0.574837 0.708245
0.572668 0.708245
0.570499 0.706131
0.56833 0.706131
0.563991 0.701903
0.561822 0.701903
0.559653 0.699789
0.557484 0.699789
0.553145 0.69556
0.550976 0.69556
0.548807 0.693446
0.546638 0.693446
0.544469 0.691332
0.542299 0.691332
0.54013 0.689218
0.537961 0.689218
0.535792 0.687104
0.533623 0.687104
0.531453 0.684989
0.527115 0.684989
0.524946 0.682875
0.520607 0.682875
0.518438 0.680761
0.5141 0.680761
0.511931 0.678647
0.503254 0.678647
0.501085 0.676533
0.488069 0.676533
0.4859 0.674419
0.442516 0.674419
0.440347 0.676533
0.425163 0.676533
0.422993 0.678647
0.414317 0.678647
0.412148 0.680761
0.40564 0.680761
0.403471 0.682875
0.396963 0.682875
0.394794 0.684989
0.388286 0.684989
0.386117 0.687104
0.381779 0.687104
0.37961 0.689218
0.37744 0.689218
0.375271 0.691332
0.370933 0.691332
0.368764 0.693446
0.366594 0.693446
0.364425 0.69556
0.360087 0.69556
0.355748 0.699789
0.353579 0.699789
0.35141 0.701903
0.349241 0.701903
0.347072 0.704017
0.342733 0.704017
0.340564 0.706131
0.338395 0.706131
0.336226 0.708245
0.334056 0.708245
0.331887 0.710359
0.329718 0.710359
0.327549 0.712474
0.32538 0.712474
0.32321 0.714588
0.318872 0.714588
0.316703 0.716702
0.314534 0.716702
0.312364 0.718816
0.310195 0.718816
0.308026 0.72093
0.301518 0.72093
0.299349 0.723044
0.288503 0.723044
0.286334 0.725159
0.281996 0.725159
0.279826 0.723044
0.273319 0.723044
0.27115 0.72093
0.266811 0.72093
0.264642 0.718816
0.262473 0.718816
0.260304 0.716702
0.258134 0.716702
0.251627 0.710359
0.249458 0.710359
0.234273 0.69556
0.234273 0.693446
0.225597 0.684989
0.225597 0.682875
0.221258 0.678647
0.221258 0.676533
0.21692 0.672304
0.21692 0.67019
0.212581 0.665962
0.212581 0.663848
0.208243 0.659619
0.208243 0.657505
0.201735 0.651163
0.201735 0.649049
0.182213 0.630021
0.180043 0.630021
0.177874 0.627907
0.175705 0.627907
0.173536 0.625793
0.169197 0.625793
0.167028 0.623679
0.158351 0.623679
0.156182 0.625793
0.151844 0.625793
0.149675 0.627907
0.147505 0.627907
0.145336 0.630021
0.143167 0.630021
0.140998 0.632135
0.138829 0.632135
0.136659 0.634249
0.13449 0.634249
0.130152 0.638478
0.127983 0.638478
0.123644 0.642706
0.121475 0.642706
0.117137 0.646934
0.114967 0.646934
0.110629 0.651163
0.10846 0.651163
0.104121 0.655391
0.101952 0.655391
0.0997831 0.657505
0.0976139 0.657505
0.0954447 0.659619
0.0911063 0.659619
0.0889371 0.661734
0.0845987 0.661734
0.0824295 0.663848
0.0650759 0.663848
0.0629067 0.665962
0.0563991 0.665962
0.0520607 0.67019
0.0498915 0.67019
0.0455531 0.674419
0.0455531 0.676533
0.0412148 0.680761
0.0412148 0.682875
0.0390456 0.684989
0.0390456 0.699789
0.0368764 0.701903
0.0368764 0.961945
0.0390456 0.964059
0.0390456 0.972516
