0.460714 0.683333
0.482143 0.55
0.4625 0.511111
0.442857 0.372222
0.4625 0.277778
0.483929 0.452778
0.494643 0.386111
0.521429 0.286111
0.616071 0.333333
0.642857 0.416667
0.633929 0.380556
0.575 0.280556
0.492857 0.327778
0.510714 0.433333
0.475 0.255556
0.451786 0.319444
0.446429 0.475
0.492857 0.541667
0.457143 0.663889
0.494643 0.744444
0.567857 0.716667
0.626786 0.6
0.646429 0.502778
0.630357 0.588889
0.601786 0.666667
0.525 0.75
0.460714 0.683333
0.5249999999999999 0.268056
0.451786 0.5694444999999999
0.44910750000000005 0.52222225
0.5986400341585582 0.5848247299955189
0.47468769947774225 0.5293603225374452
0.5099479259163654 0.5746955038723075
0.49745436419891537 0.2719885432043384
0.5499999999999999 0.27430600000000005
0.5113078917578073 0.663991229995519
0.5072226886770821 0.49443762524919327
0.551970030636883 0.319550877452468
0.5171547008821912 0.7071546891323477
0.5946250073208821 0.6259606646095077
0.6201906667881373 0.542436165171917
0.4671321886188344 0.3491845790419791
0.444643 0.42361099999999996
0.5754209427105804 0.4141805655888771
0.5497387590168732 0.533169157588664
0.4776785 0.7138884999999999
0.548313263577522 0.6809563055440008
0.5400301153218807 0.725106950570001
0.5518655870436514 0.6010232708650972
0.609495429588056 0.4057560683763351
0.610867753033525 0.4748929086927902
0.581767677316286 0.36672851361459263
0.5227495371853523 0.5471349972962757
0.5690711062071766 0.6514391083796439
0.5848215 0.691667
0.47771153713641384 0.4835965153051654
0.5214521057471216 0.31675657596915446
0.5327881944725245 0.36099733762321684
0.5955355 0.3069445
0.4639091585978171 0.3972158781304228
0.5833129852279733 0.5503598288093605
0.5536004362160395 0.5670085051067928
0.5864944246517828 0.5027649281953026
0.5111370771914797 0.6193356123458766
0.6108569541566178 0.36229287923620096
0.502601853405889 0.35667347999103566
0.5591309240189747 0.34802701337443426
0.5545428190458965 0.3872376412023737
0.5416069510722944 0.4188223812321721
0.5474488655017689 0.4929818334763739
0.5403247196324974 0.45623321374337994
0.6446430000000001 0.4597225
0.5416118984715864 0.6326663694400834
0.45446450000000005 0.6166667499999999
0.5743778902238696 0.46861608468018634
0.5115021081326677 0.4647027533882163
0.48426729596915585 0.6417665288887674
0.47910537080419746 0.5915820028499744
0.6000132768472743 0.4405263232767249
0.6164598175846688 0.5114589034527175
